10000 10
0.0695291 0.0507595 0.0626334 0.0512655 0.153885 0.13436 0.050434 0.325826 0.0500114 0.0512967
0.250956 0.0693435 0.0509676 0.0500597 0.0500011 0.13403 0.238006 0.0563174 0.0500499 0.0502688
0.0519798 0.0504393 0.0500014 0.0665116 0.214613 0.165724 0.0500094 0.050064 0.053816 0.246841
0.05 0.0811371 0.433315 0.0500203 0.0500002 0.133333 0.0521867 0.0500077 0.05 0.0500001
0.0843606 0.0500069 0.0500009 0.0500017 0.0501167 0.126619 0.065522 0.29998 0.173392 0.0500008
0.0653516 0.05 0.0501871 0.19751 0.201117 0.0524897 0.0500005 0.0500087 0.215542 0.0677925
0.05 0.05 0.05 0.133572 0.05 0.233095 0.05 0.05 0.283333 0.05
0.051178 0.0500367 0.116676 0.0500055 0.0501251 0.0500038 0.0870764 0.444883 0.0500023 0.0500128
0.0500001 0.05 0.0563748 0.309022 0.0666668 0.0679271 0.0500007 0.0500017 0.250007 0.0500004
0.0502606 0.193977 0.0500149 0.0500492 0.0500414 0.0500146 0.057576 0.396168 0.050136 0.0517617
0.0529477 0.0706296 0.0516938 0.160148 0.245341 0.056537 0.0500162 0.050003 0.0502794 0.212404
0.185167 0.0500001 0.070679 0.05 0.377466 0.0500002 0.0500011 0.050018 0.0666676 0.0500007
0.166667 0.0500005 0.249922 0.0560066 0.0666671 0.210729 0.0500003 0.050006 0.0500009 0.05
0.0500045 0.0500053 0.0500027 0.0500003 0.166742 0.0500013 0.0718689 0.411374 0.0500001 0.0500007
0.0507599 0.0500142 0.0500007 0.0500017 0.0500324 0.298121 0.0501065 0.249039 0.0519211 0.100003
0.0500004 0.0500074 0.0500006 0.0500573 0.0500203 0.316228 0.0500042 0.233302 0.0512837 0.0990959
0.0500199 0.0541167 0.139454 0.0500353 0.0502124 0.0500789 0.279347 0.0588799 0.0518397 0.216016
0.0500004 0.0500052 0.0500954 0.233239 0.0500139 0.0500004 0.0500014 0.166643 0.050117 0.249884
0.0999762 0.0523388 0.05 0.05 0.0500026 0.16667 0.375554 0.0554472 0.0500003 0.0500112
0.0681405 0.0501281 0.0511404 0.0501647 0.285309 0.0501907 0.104667 0.051913 0.0547597 0.233587
0.250429 0.0501562 0.0502946 0.0508995 0.183347 0.051719 0.202982 0.0545853 0.0526441 0.0529432
0.0500001 0.0500065 0.0500003 0.0677643 0.100033 0.415598 0.0500323 0.116565 0.0500002 0.0500002
0.0500323 0.0539413 0.050976 0.0501638 0.0500408 0.23687 0.185097 0.0509884 0.0718347 0.200055
0.0500007 0.0500094 0.0999926 0.283179 0.0500402 0.0501566 0.050108 0.266512 0.0500003 0.0500011
0.05 0.0500137 0.0668607 0.183333 0.133139 0.05 0.0500002 0.0500002 0.0500009 0.316652
0.0500407 0.0678857 0.0500137 0.0503173 0.0500449 0.252381 0.138683 0.239535 0.0510846 0.0500146
0.0553113 0.0500273 0.0509379 0.0508771 0.0779647 0.0501285 0.0533831 0.340896 0.21734 0.0531333
0.05 0.05 0.182134 0.0511924 0.0500002 0.169233 0.050005 0.0500003 0.2957 0.0517343
0.183334 0.05 0.0500015 0.05 0.0999959 0.0503794 0.0500004 0.0500009 0.365985 0.0503028
0.0512356 0.0501371 0.0665773 0.0512273 0.100256 0.399586 0.0506769 0.0596582 0.0507257 0.11992
0.0500079 0.232863 0.0500053 0.0513592 0.0500672 0.134359 0.0521937 0.278561 0.0505644 0.0500197
0.0500003 0.0500044 0.0515642 0.415103 0.050006 0.0500004 0.050002 0.149986 0.0500001 0.0833337
0.05 0.05 0.099998 0.0503375 0.0500001 0.232997 0.0500001 0.0500001 0.316663 0.0500041
0.05 0.0500001 0.137105 0.379555 0.0500001 0.133339 0.0500005 0.0500001 0.05 0.05
0.05 0.0500341 0.0500219 0.216667 0.199977 0.05 0.232822 0.0504787 0.05 0.05
0.0500001 0.05 0.116667 0.0637215 0.05 0.286127 0.0500002 0.0500015 0.233483 0.05
0.0505837 0.0500075 0.0500005 0.0693768 0.050023 0.0969107 0.0667602 0.332642 0.183695 0.0500006
0.0520662 0.0518622 0.0529761 0.0501242 0.0511929 0.0667086 0.151321 0.0556103 0.266655 0.201484
0.0666731 0.0500065 0.0500362 0.130845 0.0500375 0.35162 0.0504305 0.149532 0.0508172 0.0500017
0.0500004 0.05 0.050002 0.050086 0.116663 0.219647 0.0500003 0.0500007 0.3136 0.0500013
0.05 0.0500001 0.0500002 0.347881 0.05 0.135424 0.0500002 0.0500003 0.163912 0.0527823
0.0500014 0.05 0.133336 0.05 0.233328 0.05 0.0500002 0.0500009 0.0501759 0.283157
0.18326 0.0500001 0.05 0.05 0.05 0.0500001 0.0500046 0.0500734 0.345559 0.121102
0.0500119 0.0833333 0.0500046 0.0500012 0.349979 0.216067 0.0500006 0.0500018 0.0506002 0.0500001
0.233141 0.050005 0.0680616 0.0500005 0.199356 0.0500017 0.0501352 0.199298 0.0500002 0.0500004
0.266667 0.05 0.05 0.0666666 0.05 0.05 0.316639 0.0500281 0.05 0.05
0.0503769 0.268759 0.239705 0.0510265 0.0521271 0.117372 0.0682887 0.0516254 0.0500083 0.0507117
0.0507292 0.0547529 0.0502738 0.0513023 0.050177 0.0509254 0.0687563 0.0506141 0.104184 0.468285
0.295239 0.0500001 0.05 0.0500029 0.0520962 0.05 0.0500011 0.0526586 0.100509 0.249493
0.0500028 0.0781102 0.0501427 0.349862 0.216651 0.0500006 0.0500007 0.0500069 0.0500013 0.0552215
0.0500007 0.0554919 0.200017 0.0500006 0.233313 0.0500001 0.0500018 0.0500053 0.0531081 0.208062
0.221039 0.0506649 0.0516526 0.245348 0.0500429 0.0506922 0.16908 0.0587367 0.0511027 0.0516405
0.15032 0.0500067 0.0500008 0.0500002 0.0500316 0.0500005 0.266693 0.232946 0.0500004 0.0500008
0.05 0.0512724 0.05 0.0500001 0.05 0.05 0.0666611 0.0500062 0.120421 0.461639
0.0702204 0.258958 0.0500016 0.0500008 0.0502284 0.0500028 0.0654602 0.297391 0.0500011 0.057736
0.216667 0.200011 0.05 0.05 0.0500001 0.05 0.233303 0.0500098 0.05 0.050009
0.0525661 0.0836576 0.0506012 0.050002 0.446686 0.0500002 0.0828983 0.0835858 0.0500024 0.0500006
0.234481 0.199999 0.0500024 0.0500006 0.212848 0.05 0.0500045 0.0526641 0.0500003 0.0500005
0.266658 0.05 0.0526473 0.264018 0.05 0.05 0.0500016 0.0500088 0.05 0.116667
0.154303 0.0501235 0.0502477 0.0533229 0.0524461 0.263534 0.0525004 0.0680895 0.0696304 0.185803
0.0500045 0.0500099 0.050001 0.0500005 0.0500219 0.050001 0.056486 0.226804 0.0928809 0.323791
0.0523989 0.0688774 0.0503076 0.0504402 0.331207 0.0511548 0.19139 0.100615 0.0525835 0.0510253
0.0500041 0.0500001 0.203773 0.0500001 0.312881 0.05 0.133329 0.0500102 0.050002 0.05
0.05 0.0500004 0.214142 0.285854 0.0500009 0.0500005 0.0500022 0.0500001 0.15 0.0500001
0.150244 0.0500057 0.0666692 0.0500001 0.200056 0.0500003 0.0552834 0.277739 0.0500004 0.0500008
0.05 0.05 0.256761 0.0599044 0.0500011 0.183333 0.0500005 0.0500035 0.198904 0.0510923
0.0500001 0.050007 0.0500002 0.0500001 0.05 0.263149 0.183331 0.0500037 0.0535157 0.199993
0.0500128 0.0500001 0.0720141 0.0500029 0.311301 0.266665 0.0500007 0.0500018 0.0500006 0.0500008
0.05 0.117615 0.05 0.314453 0.05 0.0522136 0.0502896 0.0500017 0.0500001 0.215427
0.0535731 0.0500352 0.0500066 0.0500048 0.0501734 0.269908 0.0500372 0.146054 0.0634468 0.21676
0.29999 0.05 0.249289 0.0500334 0.0506765 0.0999732 0.0500008 0.0500099 0.0500269 0.0500001
0.05 0.29183 0.0500002 0.0666677 0.05 0.05 0.0557743 0.0500102 0.0501328 0.285585
0.05 0.331433 0.0500002 0.0500001 0.05 0.133333 0.0513325 0.0500224 0.183333 0.0505451
0.220904 0.0500862 0.0500132 0.0503584 0.0501361 0.0506735 0.0503209 0.289986 0.136334 0.0511873
0.0500003 0.0500027 0.0500001 0.0666665 0.0500143 0.332978 0.0500013 0.149983 0.050353 0.150001
0.348305 0.133334 0.0500371 0.0500066 0.0595633 0.133355 0.0500028 0.0753946 0.0500008 0.0500008
0.0500015 0.378013 0.0500002 0.0549489 0.05 0.120063 0.0547382 0.05001 0.137979 0.0542461
0.0500015 0.05212 0.0500001 0.0500001 0.0500148 0.0532833 0.0500122 0.149964 0.222855 0.271749
0.083335 0.0507297 0.0502515 0.377077 0.0507893 0.050332 0.185058 0.0511657 0.0500108 0.0512511
0.285454 0.0500076 0.0833229 0.0500005 0.0500372 0.0500006 0.0552372 0.275939 0.0500008 0.0500009
0.23179 0.05 0.315422 0.100008 0.0512385 0.0500004 0.0500008 0.0515368 0.0500034 0.0500001
0.0833743 0.0510055 0.0500046 0.0500001 0.349952 0.05 0.0500003 0.0500019 0.0500001 0.215661
0.0500001 0.166667 0.0667441 0.0500001 0.249921 0.05 0.0500004 0.0500011 0.186129 0.0805378
0.05 0.115086 0.0651234 0.268192 0.0500003 0.0676173 0.0500008 0.0500005 0.232399 0.0515802
0.05 0.233338 0.05 0.05 0.05 0.05 0.0833289 0.0500039 0.161733 0.221597
0.398385 0.05 0.0500002 0.0517004 0.0500008 0.198299 0.050001 0.0516128 0.0500002 0.05
0.05 0.0500521 0.05 0.1 0.05 0.266149 0.0500001 0.0500004 0.0506216 0.283176
0.051651 0.0511853 0.0500005 0.0576993 0.0500214 0.14225 0.18755 0.309641 0.0500013 0.0500005
0.05 0.0575815 0.133334 0.0666667 0.05 0.0500005 0.249972 0.0500309 0.053299 0.239115
0.297691 0.246012 0.0506418 0.0501142 0.0662157 0.0509162 0.0838693 0.053523 0.0501234 0.0508924
0.05 0.05 0.46702 0.05 0.132979 0.05 0.0500002 0.0500003 0.0500001 0.05
0.248057 0.0500003 0.05 0.0500003 0.0500001 0.0500001 0.0500002 0.051942 0.235398 0.164602
0.05 0.171973 0.166567 0.0500975 0.0500002 0.0500001 0.0500004 0.0500003 0.0500616 0.3113
0.0500008 0.0500001 0.16367 0.0532596 0.0500003 0.237861 0.0500002 0.0500004 0.245208 0.05
0.0500002 0.05 0.0501107 0.199881 0.05 0.054151 0.183326 0.0500097 0.224763 0.0877586
0.05 0.0500001 0.0999907 0.0500023 0.0500035 0.0502996 0.0500006 0.0500008 0.467425 0.0822775
0.0754664 0.0500055 0.0508829 0.0500083 0.239869 0.0500008 0.0500061 0.333757 0.0500024 0.0500011
0.22399 0.0500004 0.0500012 0.0500001 0.060939 0.0546594 0.0500012 0.0650618 0.305475 0.0898715
0.3 0.0500001 0.05 0.233333 0.05 0.05 0.11592 0.0507471 0.05 0.05
0.284652 0.0524889 0.308159 0.0501001 0.0500038 0.0502834 0.0521417 0.0517852 0.0500605 0.0503262
0.306089 0.0500074 0.0500105 0.0500003 0.0667037 0.0538905 0.0500041 0.227187 0.096106 0.0500017
0.0502763 0.050002 0.0509656 0.249058 0.282868 0.0500064 0.0500021 0.116821 0.0500004 0.0500004
0.0685897 0.0502832 0.364224 0.0600081 0.197347 0.0501864 0.0518946 0.0548931 0.0511982 0.0513754
0.266617 0.05 0.05 0.05 0.05 0.216666 0.05 0.0500498 0.0500006 0.166667
0.0509164 0.058534 0.153579 0.0664408 0.0502217 0.0686237 0.0519089 0.0507459 0.188212 0.260818
0.245255 0.0500007 0.0500004 0.133335 0.0500041 0.0528223 0.0500019 0.0547424 0.263508 0.0503306
0.209936 0.263398 0.0533163 0.0502118 0.0501822 0.0504928 0.166854 0.0508155 0.0512676 0.0535261
0.0500214 0.133306 0.0511382 0.0510629 0.0503965 0.0501528 0.201558 0.311107 0.050888 0.0503697
0.0521415 0.05 0.0686997 0.379965 0.197772 0.0513382 0.0500109 0.0500718 0.0500011 0.0500003
0.0500049 0.0500265 0.0500037 0.174695 0.0501008 0.0586203 0.0610805 0.272118 0.18334 0.0500103
0.0668108 0.216763 0.050001 0.0500002 0.0500206 0.0527922 0.065995 0.317074 0.0805417 0.0500009
0.133326 0.277377 0.05 0.0500001 0.0500002 0.05 0.238506 0.0507903 0.05 0.05
0.11678 0.0507012 0.0668882 0.410975 0.101612 0.0503192 0.0504026 0.0511076 0.0500121 0.0512017
0.0500301 0.251339 0.0500378 0.0514406 0.18452 0.0500454 0.054481 0.0505634 0.185645 0.0718978
0.05 0.382345 0.05 0.05 0.05 0.166667 0.0843127 0.0500093 0.05 0.0666667
0.0529414 0.0500092 0.166614 0.0500527 0.0500254 0.050001 0.0538587 0.409829 0.050001 0.0666678
0.0510753 0.0885672 0.0500738 0.0543497 0.0500102 0.216857 0.0526636 0.0517879 0.0610552 0.32356
0.247317 0.0526011 0.05 0.0500049 0.0525619 0.199994 0.0500012 0.0501021 0.0666858 0.180732
0.0581257 0.0500412 0.0691679 0.167669 0.265306 0.0500888 0.0526472 0.0519487 0.0681492 0.166856
0.050014 0.481626 0.0500002 0.0500008 0.050008 0.0500006 0.101845 0.066502 0.0500001 0.0500037
0.05 0.05 0.0500008 0.187173 0.05 0.279375 0.05 0.0500003 0.183451 0.05
0.12666 0.0508983 0.050001 0.0500006 0.0564141 0.0500002 0.349111 0.0502425 0.166672 0.0500001
0.2 0.05 0.05 0.05 0.05 0.05 0.05 0.05 0.383332 0.0666682
0.167664 0.0500012 0.0500003 0.0500004 0.0500068 0.0506107 0.182972 0.0826808 0.266063 0.0500003
0.05 0.05 0.15 0.0500001 0.0500002 0.283372 0.0500001 0.0500001 0.216622 0.0500061
0.289217 0.0500133 0.266856 0.0500363 0.060177 0.0500009 0.0500184 0.083678 0.0500009 0.0500023
0.166649 0.0500006 0.0500001 0.15 0.0500029 0.332458 0.0500007 0.0500232 0.0508643 0.05
0.05 0.273394 0.0500001 0.0500002 0.0500016 0.0500002 0.292583 0.06758 0.05 0.066441
0.050002 0.051078 0.251004 0.10613 0.0511971 0.244519 0.0506151 0.0863668 0.0572291 0.0518578
0.166675 0.0500052 0.050001 0.216668 0.0500103 0.0500009 0.0537823 0.262856 0.0500003 0.0500008
0.0506907 0.0500296 0.0500055 0.0500033 0.100449 0.0500089 0.0501866 0.298608 0.250006 0.050012
0.0507247 0.150001 0.0500501 0.0508178 0.050007 0.214119 0.260154 0.0512564 0.0555445 0.0673255
0.0500009 0.141211 0.0500019 0.0500006 0.233487 0.0500006 0.0758823 0.249415 0.0500004 0.0500006
0.05 0.05 0.15 0.283334 0.05 0.05 0.216658 0.0500092 0.05 0.05
0.0500003 0.0505206 0.399977 0.0500003 0.0500856 0.0500015 0.0500374 0.149903 0.0614639 0.0880106
0.511548 0.0500001 0.0500005 0.0500004 0.0532519 0.0770526 0.050001 0.0518983 0.0562467 0.0500001
0.0833333 0.05 0.0511761 0.481436 0.0500004 0.0840535 0.0500003 0.0500003 0.05 0.0500002
0.0525795 0.0704524 0.0501394 0.0526972 0.052904 0.219913 0.0557587 0.206315 0.0588712 0.18037
0.0500003 0.0500032 0.0573464 0.209305 0.0500105 0.0674001 0.0666303 0.133369 0.253215 0.0627204
0.283234 0.05 0.0666697 0.2 0.150095 0.05 0.0500003 0.0500005 0.0500001 0.05
0.0506202 0.0554729 0.0500007 0.0500021 0.0500335 0.183335 0.352671 0.107861 0.0500002 0.0500032
0.134074 0.050358 0.0500625 0.0526428 0.0502326 0.0500427 0.0500124 0.0507439 0.215262 0.296569
0.0500062 0.0500076 0.0500014 0.0500289 0.0500476 0.283321 0.0835672 0.183018 0.149964 0.0500382
0.0502504 0.226105 0.0502236 0.0542362 0.0500285 0.330225 0.0505038 0.0856165 0.0523214 0.0504899
0.199995 0.334125 0.05 0.05 0.0500049 0.0500002 0.0500015 0.0500005 0.056236 0.109636
0.152593 0.0500003 0.050053 0.0521216 0.0500073 0.318902 0.173753 0.0512826 0.0507878 0.0504998
0.05 0.0713187 0.050002 0.0500873 0.233331 0.21658 0.178534 0.0501463 0.0500005 0.0500006
0.183075 0.0661883 0.0500002 0.05 0.0502571 0.05 0.0500001 0.050001 0.266667 0.183812
0.0588993 0.05 0.0500003 0.483443 0.0576499 0.05 0.0500002 0.0500012 0.100006 0.05
0.462759 0.0500007 0.0500017 0.0500004 0.11961 0.0500006 0.0500004 0.0676263 0.0500001 0.0500003
0.0515945 0.0585928 0.0501013 0.0517016 0.0515451 0.133399 0.240657 0.0509191 0.0553345 0.256154
0.2 0.05 0.05 0.066663 0.0500001 0.230313 0.199917 0.0500829 0.0530236 0.05
0.05 0.0500002 0.0500007 0.332519 0.133332 0.050814 0.0500001 0.050001 0.0500002 0.183333
0.0538164 0.0500002 0.0666646 0.199039 0.162649 0.0510026 0.0500022 0.0501479 0.0541297 0.262548
0.261005 0.0500039 0.166738 0.05 0.0500563 0.216668 0.0500027 0.0555254 0.0500006 0.0500002
0.0504984 0.0511871 0.0500004 0.166668 0.0500233 0.0500007 0.265269 0.216352 0.0500006 0.0500004
0.05 0.163371 0.05 0.05 0.05 0.05 0.216374 0.0503531 0.0500001 0.269902
0.228251 0.152258 0.0504905 0.0546433 0.238444 0.0500746 0.0519136 0.0513686 0.0541938 0.0683626
0.266638 0.116604 0.0500111 0.0500001 0.0666726 0.0500003 0.0500015 0.0500067 0.250001 0.0500644
0.05 0.0500002 0.05 0.0738966 0.05 0.292677 0.0500001 0.0500002 0.150092 0.183334
0.0521264 0.263161 0.0500049 0.0500003 0.183376 0.0500006 0.0534572 0.197811 0.0500003 0.0500621
0.450614 0.116667 0.0500008 0.05 0.0660486 0.05 0.0500001 0.0500027 0.0666667 0.05
0.05 0.05 0.05 0.133333 0.05 0.0666666 0.299988 0.0500125 0.2 0.05
0.0500092 0.166667 0.0633665 0.313691 0.139351 0.0669106 0.0500035 0.050001 0.0500002 0.0500003
0.204433 0.16669 0.050055 0.0500144 0.277292 0.0501029 0.0500291 0.0510683 0.0503084 0.0500074
0.0500044 0.050007 0.249755 0.0562282 0.0776739 0.183348 0.0629804 0.170001 0.0500006 0.0500014
0.283057 0.05 0.0500018 0.05 0.116665 0.0548202 0.0500004 0.0502784 0.245177 0.0500003
0.0506143 0.100001 0.0500472 0.0501638 0.0510024 0.051179 0.348337 0.0560352 0.190822 0.0517984
0.05 0.36666 0.05 0.0500013 0.05 0.0666653 0.050005 0.0500001 0.05 0.216668
0.0500001 0.0500001 0.25 0.0671419 0.0500003 0.306756 0.0500002 0.0500006 0.0761 0.05
0.05 0.05 0.05 0.0999852 0.05 0.0838721 0.05 0.0500001 0.465366 0.0507761
0.232932 0.051169 0.0500005 0.0500042 0.050008 0.0562704 0.190444 0.0588089 0.200627 0.0597363
0.0500218 0.05 0.0500048 0.0500013 0.3333 0.15 0.166653 0.0500187 0.0500005 0.05
0.0667083 0.0501063 0.0500018 0.0500002 0.0500325 0.0833375 0.214258 0.335554 0.0500001 0.0500008
0.0500065 0.299214 0.0505118 0.102228 0.0500459 0.0512341 0.24245 0.0508742 0.0516313 0.0518044
0.0508925 0.0501125 0.0500008 0.0500021 0.0500205 0.0500009 0.354621 0.227679 0.0666667 0.0500042
0.0500096 0.0500258 0.0573411 0.209315 0.0500955 0.0500023 0.169185 0.264014 0.050002 0.0500104
0.0673604 0.0500001 0.0577721 0.399969 0.141426 0.0666585 0.0666631 0.0501482 0.0500016 0.0500017
0.0636939 0.122344 0.0500092 0.0500003 0.236284 0.0500002 0.266755 0.0500243 0.0500002 0.0608888
0.0521777 0.183333 0.0500562 0.05 0.347764 0.05 0.0500003 0.0500015 0.116667 0.0500001
0.132919 0.0500055 0.179155 0.0541778 0.0504718 0.050002 0.0500089 0.333256 0.0500014 0.050002
0.050001 0.0507474 0.0502734 0.287383 0.0508086 0.239152 0.0504272 0.0511785 0.0500488 0.11998
0.05 0.0500001 0.115829 0.199982 0.0508359 0.0525125 0.0500004 0.050003 0.329402 0.0514354
0.0501586 0.174103 0.050002 0.133335 0.0501105 0.0500015 0.0500381 0.332966 0.0500004 0.0592841
0.05 0.05 0.0500001 0.200286 0.05 0.298445 0.05 0.0500015 0.150687 0.0505804
0.252602 0.05 0.0685463 0.215471 0.147235 0.0660208 0.0500023 0.0501195 0.0500016 0.0500006
0.0501065 0.0518434 0.372514 0.0501376 0.0510647 0.150685 0.11898 0.0512512 0.0513756 0.0520427
0.183324 0.0618611 0.0817665 0.311206 0.0508486 0.0503564 0.0504593 0.051251 0.0500119 0.108915
0.0513817 0.0500006 0.105458 0.067071 0.346543 0.0508603 0.0534473 0.0523064 0.172036 0.0508953
0.0504526 0.0500017 0.0500222 0.166675 0.332505 0.0500003 0.0500113 0.150331 0.0500006 0.0500006
0.05 0.05 0.13326 0.05 0.0500731 0.0500023 0.216588 0.0500781 0.299999 0.05
0.05 0.05 0.250162 0.157132 0.0500035 0.233784 0.0500003 0.0500004 0.0589181 0.05
0.0674551 0.0500002 0.0562922 0.0950202 0.133347 0.0503494 0.39561 0.0509774 0.0505798 0.0503686
0.251173 0.0500001 0.0500013 0.0500001 0.248773 0.0500047 0.0500002 0.0500544 0.122665 0.0773286
0.0500004 0.0500124 0.315342 0.184488 0.0500208 0.0501716 0.0500133 0.14995 0.0500003 0.0500013
0.05 0.381091 0.05 0.05 0.05 0.183333 0.05 0.0500001 0.0500007 0.0855759
0.390144 0.0596882 0.0500029 0.0500002 0.0665384 0.0500001 0.156962 0.0599913 0.0500005 0.0666719
0.0505432 0.0507864 0.232 0.0605556 0.0655992 0.165136 0.216805 0.0516729 0.0553085 0.0515933
0.183333 0.328246 0.05 0.0500003 0.05 0.05 0.0542774 0.0500036 0.133332 0.0508076
0.0500011 0.133333 0.366056 0.0506385 0.149962 0.0500001 0.0500039 0.0500037 0.0500009 0.0500001
0.238129 0.249595 0.0503346 0.0516029 0.0502188 0.0511367 0.156822 0.0507331 0.0501932 0.0512344
0.0502098 0.0500434 0.0501185 0.0670938 0.0506837 0.237512 0.325248 0.050831 0.0682363 0.0500233
0.0500011 0.116796 0.05 0.05 0.05 0.0526665 0.249838 0.0500327 0.280653 0.0500121
0.0517066 0.233344 0.0500002 0.0500005 0.0500258 0.083337 0.0572117 0.324336 0.0500001 0.0500385
0.05 0.371268 0.05 0.0500001 0.05 0.05 0.0666617 0.0500048 0.0500001 0.212066
0.05 0.05 0.05 0.051084 0.0500003 0.31452 0.0500002 0.0500002 0.0726467 0.261749
0.05 0.0833333 0.05 0.0500003 0.05 0.266666 0.0500002 0.0500049 0.0562465 0.293749
0.050001 0.0512676 0.0500006 0.0500003 0.0500178 0.0500005 0.249332 0.0993772 0.0500009 0.300002
0.166673 0.241271 0.0500017 0.0500005 0.050153 0.0500018 0.0538741 0.229264 0.0500002 0.0587608
0.0502641 0.0502555 0.274217 0.169637 0.0505703 0.0513009 0.0502986 0.0568358 0.196087 0.0505338
0.05 0.311641 0.0500002 0.0500001 0.0833325 0.05 0.253931 0.0510953 0.0500001 0.0500001
0.336354 0.216371 0.0500021 0.050001 0.0960758 0.05 0.0500036 0.0508947 0.0500004 0.0502975
0.0500477 0.183698 0.0500097 0.0513201 0.23606 0.0504336 0.0501578 0.0504599 0.215086 0.0627278
0.0500107 0.0520319 0.0500068 0.226379 0.0500779 0.0504899 0.283902 0.052882 0.0508055 0.133414
0.0500049 0.0500334 0.0500034 0.0500006 0.0502148 0.0500027 0.0666988 0.199715 0.0525772 0.380749
0.0523478 0.0500116 0.0500044 0.0517392 0.0526157 0.133528 0.0542935 0.202661 0.291548 0.0612511
0.0524568 0.10836 0.0501876 0.0500006 0.265917 0.0500024 0.0577075 0.264758 0.0500008 0.0506092
0.05 0.0503981 0.05 0.05 0.05 0.0500001 0.0500035 0.0500003 0.222398 0.377199
0.0674626 0.0503088 0.172942 0.0506488 0.36365 0.0502032 0.0520724 0.0553766 0.0513091 0.0860265
0.050298 0.0500001 0.279352 0.0500002 0.320337 0.0500001 0.0500037 0.0500063 0.050002 0.0500002
0.05 0.2 0.0530058 0.229479 0.05 0.200846 0.066668 0.0500013 0.0500005 0.05
0.270462 0.0666648 0.0660149 0.0500002 0.243719 0.0500001 0.0998625 0.0532762 0.0500007 0.0500003
0.05 0.05 0.272042 0.326526 0.0514253 0.0500024 0.0500007 0.0500007 0.0500031 0.0500001
0.05 0.183335 0.299662 0.0503223 0.0500115 0.05 0.0500021 0.0500001 0.166664 0.0500026
0.0526508 0.0843805 0.198476 0.0517303 0.0666593 0.0500265 0.333769 0.051155 0.0556076 0.0555446
0.0500006 0.0500011 0.0500023 0.066667 0.116677 0.300414 0.0500013 0.0500107 0.216224 0.050001
0.0500003 0.482525 0.0500003 0.0531016 0.0500157 0.0635528 0.0638184 0.0861587 0.0500017 0.0508253
0.05 0.05 0.182829 0.252197 0.0500017 0.214969 0.0500011 0.0500004 0.0500016 0.05
0.050729 0.0500021 0.0683823 0.215172 0.266127 0.0500013 0.0513303 0.148253 0.0500005 0.0500024
0.0504508 0.0500362 0.223861 0.0507022 0.0509505 0.2711 0.052284 0.0515791 0.148992 0.0500437
0.0501302 0.0536306 0.0500016 0.0500003 0.0500208 0.0500005 0.0500215 0.266469 0.0500002 0.329725
0.05 0.449162 0.131517 0.0518147 0.0500004 0.0500001 0.0666675 0.0500023 0.0500001 0.0508358
0.0500956 0.242169 0.0528764 0.34877 0.0509301 0.0501824 0.0508099 0.0511034 0.0512316 0.0518316
0.139892 0.0500001 0.250001 0.0500001 0.0600918 0.05 0.0500026 0.0500093 0.250002 0.0500009
0.0500002 0.0536171 0.166667 0.0500004 0.0500001 0.0557072 0.0500057 0.050004 0.162251 0.311747
0.05 0.05 0.328355 0.154945 0.050023 0.0500093 0.0500012 0.0500001 0.166667 0.05
0.0503793 0.150236 0.267779 0.0500899 0.0502743 0.050104 0.0511467 0.0510042 0.22896 0.0500259
0.0500021 0.196841 0.0676838 0.315663 0.116662 0.05 0.0500275 0.0500015 0.0500001 0.0531193
0.05 0.0501569 0.05 0.149999 0.05 0.0666679 0.216313 0.050354 0.0500297 0.26648
0.0503014 0.050002 0.319099 0.0642375 0.0500316 0.0500002 0.050001 0.216323 0.0500002 0.100004
0.358833 0.0500006 0.200001 0.0500022 0.0500115 0.0500065 0.0500004 0.0911448 0.0500001 0.0500006
0.0666667 0.0511235 0.244818 0.0544568 0.267385 0.0500001 0.0500043 0.0500024 0.0665945 0.0989479
0.261254 0.0500045 0.0500028 0.0500001 0.155436 0.0500007 0.0500068 0.233293 0.0500019 0.0500003
0.0500032 0.0500037 0.128887 0.270378 0.0501556 0.0507385 0.0537049 0.246128 0.0500002 0.050001
0.0526547 0.184099 0.127147 0.0504041 0.0732008 0.280811 0.0522295 0.051274 0.0742358 0.0539439
0.349988 0.05 0.0500001 0.05 0.0500004 0.05 0.148193 0.0518179 0.05 0.15
0.0500343 0.0500043 0.0500008 0.0500001 0.133363 0.0500013 0.051373 0.148463 0.0631521 0.353608
0.0833333 0.05 0.05 0.0665787 0.05 0.166754 0.383133 0.0502009 0.0500001 0.05
0.0504806 0.147416 0.0544993 0.264362 0.0511369 0.0511 0.0527179 0.224812 0.0509695 0.0525055
0.05 0.05 0.42972 0.131797 0.0551432 0.05 0.0500052 0.0500017 0.0833337 0.0500001
0.05 0.0500001 0.281158 0.102173 0.0500015 0.05 0.0500072 0.0500004 0.246183 0.0704762
0.05 0.195648 0.05 0.05 0.05 0.166669 0.266651 0.0500177 0.05 0.0710145
0.172774 0.0501285 0.0500076 0.050007 0.070545 0.0500008 0.116762 0.33977 0.0500027 0.0500021
0.255441 0.0673475 0.0500841 0.0535585 0.0504419 0.0500608 0.0501389 0.320019 0.0519532 0.0509549
0.05 0.0500354 0.0500001 0.05 0.05 0.0507708 0.149931 0.05007 0.183635 0.315558
0.0506732 0.141157 0.0500051 0.0500304 0.0500101 0.050007 0.0500328 0.0501576 0.102971 0.404955
0.0800861 0.15 0.0500043 0.05 0.403241 0.05 0.0500003 0.050002 0.0666668 0.05
0.208543 0.053314 0.16366 0.0545717 0.0500585 0.256839 0.0509473 0.0591538 0.0526373 0.0502757
0.0540397 0.194547 0.0500015 0.0500063 0.0500248 0.0500831 0.0756616 0.341039 0.0668722 0.0677243
0.149036 0.05 0.0500098 0.0501972 0.200947 0.299364 0.0500004 0.0500063 0.0504399 0.0500001
0.05 0.165553 0.05 0.05 0.05 0.0705506 0.251102 0.0500118 0.196116 0.0666667
0.05 0.0500002 0.149991 0.216521 0.050008 0.0501448 0.0500004 0.0500004 0.0570235 0.27631
0.0501917 0.309254 0.0501461 0.0679741 0.102208 0.215547 0.0509675 0.0511024 0.0516622 0.0509465
0.0500399 0.0502394 0.0516519 0.0553394 0.0523332 0.0502704 0.056203 0.129016 0.241129 0.263778
0.0500153 0.05 0.0500042 0.197055 0.283301 0.0696167 0.149812 0.050195 0.0500009 0.05
0.426135 0.05 0.0500013 0.05 0.0730031 0.0500002 0.149989 0.0508704 0.0500006 0.05
0.0500006 0.0500036 0.249978 0.0500004 0.183392 0.0500017 0.0501049 0.216519 0.0500002 0.0500004
0.05 0.05 0.2 0.05 0.0500001 0.0500001 0.24761 0.0523898 0.0500001 0.2
0.053648 0.05 0.0512311 0.282102 0.196348 0.05 0.166018 0.0506518 0.0500013 0.0500004
0.350001 0.0500001 0.159823 0.140175 0.0500002 0.05 0.0500002 0.0500002 0.0500004 0.05
0.05 0.208225 0.0500006 0.0500001 0.266669 0.16535 0.0500003 0.0500006 0.0513134 0.0584414
0.136892 0.0504174 0.0500894 0.0515248 0.136835 0.356568 0.0514402 0.0629458 0.0530145 0.0502731
0.0500001 0.0500001 0.166666 0.05 0.0500002 0.05 0.31658 0.0500868 0.0505238 0.166142
0.0706055 0.0500109 0.0500595 0.107821 0.265967 0.058809 0.0500977 0.246627 0.0500016 0.0500012
0.212027 0.24594 0.0500012 0.0500005 0.0543092 0.0500006 0.0538616 0.183445 0.0500011 0.0504138
0.374883 0.0500046 0.216787 0.0569552 0.0501061 0.0502234 0.0500268 0.0503612 0.0505692 0.0500835
0.05 0.0511592 0.113442 0.0519061 0.0512772 0.05 0.19882 0.0500584 0.066664 0.316673
0.05 0.399501 0.05 0.166667 0.05 0.0833333 0.05 0.05 0.05 0.0504986
0.050161 0.301723 0.0500522 0.0505574 0.050331 0.0500128 0.0504036 0.168061 0.178665 0.0500324
0.217371 0.0582539 0.0500013 0.0500001 0.0500076 0.0500005 0.0560918 0.143183 0.050001 0.27509
0.05 0.116667 0.05 0.0500001 0.05 0.280074 0.0666669 0.0500006 0.0684843 0.218106
0.137464 0.0500039 0.0806848 0.0527644 0.0506197 0.0505929 0.0510566 0.425449 0.0510319 0.0503328
0.0500028 0.050003 0.0500019 0.050001 0.0502777 0.283352 0.24866 0.1177 0.0500006 0.0500005
0.254667 0.0500009 0.0500009 0.0500004 0.0502596 0.0500041 0.0500008 0.061734 0.324208 0.0591242
0.0530499 0.0598116 0.310103 0.0570563 0.0532426 0.251094 0.061361 0.050734 0.0533727 0.0501746
0.05 0.247654 0.0500001 0.05 0.05 0.0670687 0.0690005 0.0500118 0.314196 0.0520693
0.187623 0.0505458 0.0500056 0.0501615 0.0500849 0.0575613 0.0504785 0.0505036 0.369208 0.0838279
0.317762 0.0500001 0.0500008 0.05 0.100013 0.0500014 0.0500004 0.0655559 0.21449 0.0521767
0.05 0.05 0.199146 0.0500042 0.0508482 0.05 0.050001 0.0500002 0.316422 0.133578
0.05 0.346034 0.05 0.0500001 0.05 0.200001 0.0501062 0.0500008 0.05 0.103858
0.0530757 0.0500115 0.0500155 0.052762 0.0519183 0.282352 0.142805 0.200082 0.0668765 0.0501022
0.0500044 0.083347 0.0500002 0.0500004 0.0500037 0.0505124 0.0500862 0.116556 0.448129 0.0513609
0.050028 0.0500175 0.11667 0.0500006 0.0502083 0.0500034 0.366787 0.166284 0.0500004 0.0500006
0.379107 0.0647468 0.0500005 0.0500001 0.0541886 0.0500001 0.184078 0.067879 0.0500003 0.0500002
0.409118 0.0667055 0.170753 0.0502089 0.0500112 0.0500104 0.0501937 0.0524465 0.0501774 0.0503753
0.0503439 0.05 0.166763 0.249216 0.232782 0.0508032 0.0500022 0.0500886 0.0500012 0.0500002
0.208364 0.050129 0.219406 0.0510986 0.0583652 0.0513318 0.208275 0.0510617 0.0517614 0.0502072
0.05 0.05 0.20133 0.398669 0.0500001 0.05 0.0500001 0.0500001 0.05 0.05
0.066451 0.100003 0.0500048 0.0500002 0.366993 0.0500009 0.0500102 0.166534 0.0500002 0.0500018
0.0500033 0.0500068 0.0500021 0.0500001 0.0500475 0.0500145 0.39946 0.150478 0.0999865 0.0500009
0.0666667 0.05 0.383332 0.0583895 0.0500001 0.188311 0.0500001 0.0500003 0.0532994 0.0500001
0.200001 0.05 0.05 0.200002 0.0500006 0.212556 0.0500002 0.0500041 0.0874371 0.0500001
0.234898 0.05 0.066672 0.133334 0.265091 0.0500001 0.0500004 0.0500048 0.0500002 0.0500002
0.05 0.257751 0.0500001 0.05 0.05 0.173032 0.0501307 0.0500011 0.0603009 0.208784
0.168703 0.0523659 0.0522331 0.0513073 0.0505004 0.0594995 0.131201 0.0684139 0.315738 0.0500381
0.0666665 0.0666667 0.05 0.233333 0.05 0.05 0.05 0.0500002 0.0501482 0.333185
0.0500001 0.05 0.0555994 0.0500001 0.177707 0.05 0.050001 0.0500019 0.16669 0.3
0.0500001 0.0500002 0.0500006 0.328558 0.149999 0.0547715 0.166666 0.0500047 0.05 0.0500001
0.0500102 0.0503616 0.0505032 0.204836 0.0500739 0.389278 0.0503299 0.0526478 0.0519342 0.0500257
0.0500014 0.0530235 0.050001 0.050002 0.0500238 0.216667 0.146994 0.283287 0.0500001 0.050001
0.0500027 0.0500026 0.0500012 0.0500003 0.0500452 0.20451 0.0501661 0.166451 0.278819 0.0500017
0.248687 0.0670391 0.0500002 0.0500006 0.0500044 0.05 0.214072 0.0539116 0.0616741 0.154611
0.173892 0.05 0.050218 0.0500037 0.225776 0.0500005 0.0500011 0.0500764 0.250032 0.0500001
0.05 0.05 0.05 0.0518035 0.05 0.348196 0.0500001 0.0500001 0.233337 0.0666635
0.05 0.245178 0.05 0.05 0.0500011 0.05 0.353419 0.0514014 0.0500001 0.0500004
0.05 0.05 0.249963 0.133333 0.0500376 0.05 0.0500001 0.0500002 0.0661624 0.250504
0.0503569 0.0506361 0.0504584 0.154031 0.217936 0.050017 0.0505839 0.0510341 0.0584327 0.266514
0.0512305 0.066591 0.292272 0.150885 0.0500142 0.0500131 0.0502435 0.0531055 0.0502223 0.185423
0.0502119 0.051601 0.0501605 0.183542 0.0511409 0.0501722 0.0505347 0.102358 0.359248 0.0510317
0.066688 0.0500255 0.118337 0.0500033 0.299308 0.0500026 0.0542024 0.211417 0.0500021 0.0500132
0.0500017 0.217964 0.0508224 0.149698 0.249175 0.0503019 0.0820282 0.0500084 0.05 0.05
0.050267 0.282779 0.0500019 0.0500005 0.0500434 0.0500015 0.0508989 0.199337 0.166669 0.0500016
0.05 0.322882 0.05 0.0500001 0.050003 0.0500001 0.262188 0.0649212 0.0500001 0.050006
0.166659 0.233163 0.05 0.05 0.0500067 0.05 0.0500001 0.0500013 0.0535699 0.2466
0.05 0.0500002 0.05 0.25 0.0500001 0.116667 0.0500001 0.0500001 0.05278 0.280553
0.0500001 0.273235 0.0500001 0.0500001 0.0500081 0.0500005 0.0894951 0.0704483 0.0669241 0.249888
0.26861 0.0500001 0.29753 0.052665 0.0809843 0.0500003 0.0500036 0.0502029 0.0500034 0.0500006
0.05 0.066646 0.0696169 0.130373 0.0500001 0.05 0.432548 0.050815 0.05 0.0500006
0.0500001 0.0500002 0.0833333 0.0507352 0.050001 0.465932 0.0648263 0.0851706 0.0500004 0.0500004
0.233128 0.05 0.0500001 0.05 0.0502001 0.05 0.05 0.0500043 0.266641 0.150026
0.259962 0.0577142 0.0500001 0.0500015 0.0500006 0.0500009 0.0666828 0.05663 0.0500001 0.309008
0.05 0.197866 0.0999948 0.0832129 0.0500002 0.300124 0.0687895 0.0500116 0.0500007 0.05
0.05 0.116761 0.149972 0.0500002 0.0500227 0.05 0.383215 0.0500294 0.05 0.05
0.333333 0.0500002 0.05 0.05 0.05 0.05 0.066666 0.0500009 0.0576274 0.242372
0.0500767 0.137261 0.0504937 0.050099 0.0507431 0.0501462 0.321083 0.0512064 0.186225 0.0526656
0.0999918 0.05 0.283329 0.050004 0.0500107 0.259536 0.0500003 0.0500009 0.0571274 0.05
0.05 0.265567 0.0500001 0.05 0.05 0.05 0.307067 0.0500484 0.0500001 0.0773173
0.116512 0.0500016 0.0500005 0.05 0.0500038 0.283335 0.23777 0.062376 0.0500003 0.0500004
0.05 0.0500001 0.05 0.133333 0.05 0.05 0.283323 0.0500101 0.050001 0.233332
0.0500022 0.050006 0.0500016 0.0500002 0.100096 0.0833342 0.0500107 0.466546 0.0500016 0.0500012
0.253468 0.0500006 0.0500015 0.0500001 0.326602 0.0666667 0.0500025 0.0532568 0.0500003 0.0500006
0.0500002 0.0530495 0.0694 0.257096 0.0833205 0.0568371 0.279985 0.0503104 0.050001 0.05
0.23255 0.15 0.0675039 0.247142 0.050005 0.0520168 0.0500032 0.0507783 0.0500002 0.0500005
0.0514988 0.0500122 0.100007 0.0500003 0.233364 0.0500007 0.0530013 0.312115 0.0500003 0.0500007
0.0502408 0.150902 0.209417 0.051772 0.0504862 0.0505331 0.0500603 0.0520707 0.0679738 0.266544
0.136067 0.0500861 0.0515283 0.271341 0.0503223 0.051251 0.0558566 0.232757 0.0507649 0.0500267
0.0604875 0.070219 0.0500049 0.0500028 0.0501054 0.0500026 0.0547998 0.289292 0.0501824 0.274903
0.05 0.05 0.248784 0.0510262 0.0835802 0.300171 0.050002 0.0500013 0.066435 0.0500001
0.05 0.0697981 0.05 0.0500012 0.05 0.05 0.0500124 0.0500002 0.300001 0.280187
0.0500002 0.0500434 0.0500002 0.157576 0.05 0.0590829 0.216633 0.0500396 0.0500012 0.266624
0.168419 0.0500529 0.0536107 0.0502405 0.200766 0.0508766 0.0504452 0.0709759 0.052071 0.252542
0.0500013 0.0618406 0.0500007 0.0500001 0.0500235 0.0666619 0.490463 0.0643353 0.0666736 0.0500003
0.0738312 0.0500098 0.133358 0.0500007 0.0500586 0.0500014 0.0500107 0.37606 0.0500004 0.116669
0.264129 0.133424 0.0523388 0.050333 0.0713206 0.0501021 0.0534518 0.0564498 0.0525261 0.215924
0.25 0.18332 0.0500001 0.0500016 0.05 0.216665 0.05 0.0500001 0.05 0.0500135
0.153018 0.0500075 0.0537772 0.246223 0.0500202 0.0500004 0.0500075 0.246944 0.0500002 0.0500011
0.05 0.0980876 0.05 0.0500001 0.05 0.05 0.235229 0.0500167 0.0502448 0.316422
0.150021 0.200023 0.0500009 0.0500003 0.050044 0.0500023 0.06599 0.283917 0.0500002 0.0500015
0.05 0.13016 0.269087 0.0500002 0.247577 0.05 0.0505444 0.0500023 0.0500002 0.0526297
0.0508187 0.113153 0.252563 0.0501003 0.0663641 0.0506141 0.0587155 0.257228 0.0504087 0.0500344
0.233334 0.0564371 0.05 0.05 0.0500066 0.05 0.310144 0.100077 0.0500001 0.05
0.0500001 0.0500041 0.0500003 0.0500001 0.0500101 0.0500017 0.350619 0.216031 0.0833335 0.0500003
0.05 0.0500001 0.253628 0.246365 0.0500036 0.15 0.0500035 0.0500002 0.0500002 0.05
0.162507 0.0512765 0.0500023 0.0500003 0.0707955 0.05 0.248383 0.0503685 0.0667975 0.199869
0.052175 0.0500402 0.0712711 0.284755 0.0503164 0.0504943 0.050083 0.186382 0.154285 0.0501977
0.05 0.05 0.05 0.05 0.05 0.333332 0.266645 0.0500218 0.0500011 0.05
0.050225 0.0534057 0.301033 0.101951 0.0500054 0.0504425 0.23425 0.0583785 0.0500101 0.0502985
0.4666 0.05 0.0833333 0.05 0.0500663 0.05 0.05 0.0500001 0.1 0.05
0.0500001 0.0500001 0.156683 0.0500003 0.143312 0.05 0.0500005 0.0500026 0.33341 0.0665917
0.0500001 0.0500017 0.0500001 0.0666716 0.0500014 0.416663 0.13923 0.0774236 0.0500085 0.05
0.05 0.0651015 0.0666664 0.133333 0.05 0.213432 0.0500002 0.0500003 0.0532353 0.268231
0.234985 0.050009 0.0500007 0.214606 0.0500347 0.0520616 0.0500205 0.19828 0.0500003 0.0500021
0.16111 0.0571786 0.050001 0.0500005 0.0553887 0.0500002 0.100014 0.0668146 0.0666676 0.342825
0.0508634 0.05 0.223165 0.127048 0.298914 0.05 0.0500035 0.0500057 0.0500003 0.0500001
0.0500022 0.0500045 0.213 0.0536568 0.0501824 0.0500031 0.219444 0.213706 0.0500002 0.0500006
0.05 0.0518374 0.0500003 0.0513291 0.0666666 0.255952 0.0500002 0.0500015 0.0596106 0.314602
0.0500032 0.309604 0.050002 0.0500009 0.0503098 0.0500029 0.0637802 0.106361 0.200001 0.0699347
0.0506749 0.05 0.0558277 0.29416 0.265988 0.05 0.0833382 0.0500108 0.0500004 0.0500001
0.0515395 0.0501827 0.0692546 0.0537096 0.240527 0.0501888 0.266303 0.117669 0.050456 0.0501697
0.0505006 0.13335 0.0500521 0.0500003 0.282937 0.0500009 0.0500063 0.233152 0.0500004 0.0500006
0.05 0.367305 0.05 0.15 0.05 0.0500003 0.0658646 0.0501635 0.05 0.116667
0.0529261 0.0528305 0.0512705 0.0521676 0.186769 0.255634 0.0525668 0.191574 0.0539012 0.0503611
0.166643 0.05 0.0500002 0.0500001 0.0500009 0.0506189 0.05 0.0500234 0.263701 0.219013
0.200574 0.0500158 0.0500021 0.0500004 0.0503363 0.0500016 0.0527478 0.379654 0.0666671 0.0500006
0.05 0.0500532 0.05 0.05 0.05 0.156374 0.26627 0.050343 0.226959 0.05
0.0504449 0.2 0.0501738 0.0514542 0.216046 0.21431 0.0666627 0.0500065 0.0509021 0.0500002
0.05 0.0992582 0.05 0.0504553 0.05 0.132877 0.0500001 0.0500002 0.051637 0.415773
0.20043 0.133365 0.050002 0.0500022 0.0545614 0.0500023 0.0513513 0.310278 0.0500014 0.0500067
0.184713 0.05 0.0500155 0.0500015 0.215181 0.249996 0.0500011 0.0500874 0.0500049 0.0500002
0.0503484 0.381603 0.0501126 0.0549296 0.0505489 0.0500941 0.0506698 0.0514368 0.0951216 0.165135
0.199999 0.05 0.0509198 0.0520854 0.299063 0.147914 0.0500016 0.0500154 0.0500016 0.0500001
0.0514355 0.0639894 0.0500011 0.0500028 0.0500284 0.0500083 0.269456 0.131975 0.0500002 0.233103
0.0503585 0.330868 0.0500039 0.0500028 0.0501177 0.0500032 0.0677274 0.248166 0.050002 0.0527499
0.05 0.05 0.14302 0.356979 0.0500003 0.05 0.0500001 0.0500005 0.05 0.15
0.270387 0.234018 0.0502971 0.0501484 0.0504702 0.0501724 0.0519307 0.138318 0.0542109 0.050047
0.050046 0.0500854 0.0666728 0.0556573 0.0504932 0.365894 0.0501486 0.0504426 0.210552 0.0500085
0.0666667 0.0580855 0.0500002 0.299996 0.05 0.0500047 0.274886 0.0503612 0.0500005 0.0500001
0.05 0.05 0.05 0.25 0.05 0.183333 0.05 0.0500004 0.203736 0.0629305
0.15 0.0500001 0.05 0.05 0.0500003 0.05 0.115735 0.050932 0.0521835 0.381149
0.0500055 0.0500068 0.0500005 0.0503875 0.0500267 0.199617 0.143615 0.30634 0.05 0.0500008
0.0500002 0.348038 0.0500006 0.0500001 0.0500088 0.0500005 0.0645971 0.183646 0.1 0.053709
0.05 0.05 0.299984 0.133339 0.0500097 0.0500001 0.0500001 0.0500001 0.216267 0.0504003
0.05 0.407233 0.0500001 0.0500001 0.05 0.05 0.0504312 0.0500022 0.0500415 0.192292
0.0500493 0.05 0.0500051 0.0500018 0.249936 0.0501254 0.0500008 0.050002 0.335408 0.0644714
0.0666154 0.250036 0.0666697 0.0500005 0.167308 0.0500017 0.0568119 0.192556 0.0500002 0.0500006
0.0500031 0.0500049 0.0500015 0.053627 0.0501497 0.196379 0.0537866 0.262711 0.0500004 0.183337
0.0505389 0.0502918 0.118193 0.232185 0.050149 0.288983 0.0519571 0.0550486 0.0512356 0.0514184
0.0518865 0.0503314 0.0511331 0.0507746 0.0503816 0.117202 0.203856 0.324401 0.0500038 0.0500295
0.45 0.0666667 0.126644 0.0500001 0.056685 0.05 0.0500004 0.0500039 0.05 0.0500001
0.249987 0.05 0.05 0.172541 0.0500007 0.0607911 0.0500005 0.0500122 0.203771 0.0628963
0.05 0.333313 0.05 0.05 0.05 0.05 0.0500022 0.0500001 0.166667 0.150018
0.0501342 0.133338 0.0514881 0.0537355 0.0505122 0.170817 0.0500595 0.0578986 0.330267 0.0517502
0.0500007 0.0845408 0.0500003 0.0500005 0.0500117 0.0500003 0.0666418 0.15002 0.184178 0.264606
0.0833378 0.0509497 0.0507026 0.050098 0.299655 0.050557 0.244606 0.0515464 0.06853 0.0500174
0.0504698 0.050366 0.248373 0.298072 0.0500748 0.0500053 0.0501831 0.100793 0.0515269 0.0501361
0.05 0.0540546 0.0500001 0.282356 0.05 0.0509766 0.0500001 0.0500002 0.0500001 0.312612
0.05 0.116667 0.05 0.117899 0.05 0.415432 0.0500001 0.050001 0.0500004 0.05
0.233131 0.0500001 0.0500002 0.0500067 0.0502011 0.11666 0.05 0.0500007 0.0500001 0.3
0.0500206 0.313592 0.0503575 0.050033 0.0500362 0.0505633 0.150274 0.0512978 0.0509123 0.182913
0.0504187 0.23312 0.0500037 0.0500009 0.233914 0.0500024 0.0505693 0.18197 0.0500008 0.0500009
0.0500041 0.0500125 0.0501962 0.233146 0.05002 0.0500008 0.152475 0.264144 0.0500004 0.0500004
0.05 0.05 0.0500006 0.0500001 0.0666659 0.233332 0.05 0.0500002 0.050142 0.349859
0.05 0.165526 0.05 0.05 0.05 0.05 0.15113 0.0500112 0.316661 0.0666726
0.05 0.0908317 0.149951 0.0500001 0.0500495 0.05 0.0692234 0.0500478 0.0550508 0.384845
0.0500008 0.0500023 0.181678 0.0682873 0.0500388 0.0514348 0.0666542 0.116672 0.315231 0.0500008
0.0525004 0.0685597 0.0501379 0.386424 0.0502003 0.0669065 0.170906 0.0511993 0.0530916 0.0500741
0.282694 0.05 0.0500001 0.0500001 0.0500001 0.05 0.266655 0.0506525 0.0838834 0.0661156
0.0500001 0.116667 0.0500006 0.050001 0.183333 0.346902 0.0500001 0.0500006 0.0530965 0.05
0.05 0.05 0.0500005 0.283337 0.05 0.116663 0.05 0.0500003 0.249999 0.0500008
0.0500007 0.301554 0.116594 0.0500741 0.0500077 0.0500005 0.0692885 0.204003 0.050001 0.0584762
0.0500346 0.0625591 0.050042 0.275741 0.0503264 0.05113 0.0508785 0.0506044 0.103657 0.255027
0.05 0.05 0.051478 0.215186 0.0500001 0.230046 0.0500007 0.050001 0.0578747 0.195413
0.0500754 0.0666064 0.0545619 0.0519866 0.14967 0.265935 0.20819 0.0504245 0.0517113 0.0508391
0.05 0.2335 0.0500001 0.05 0.05 0.0500004 0.263572 0.053049 0.133333 0.0665449
0.0500983 0.0835957 0.0500082 0.0521313 0.0508369 0.0506825 0.050872 0.507842 0.0539167 0.0500166
0.0500007 0.0500035 0.0557372 0.350002 0.177673 0.0500005 0.0500025 0.116575 0.0500062 0.0500002
0.0500002 0.0500001 0.365823 0.165461 0.067501 0.0512053 0.0500007 0.0500034 0.100005 0.0500001
0.0508647 0.220005 0.0502318 0.0535265 0.0501445 0.0833326 0.0503359 0.338462 0.0528493 0.050247
0.0509321 0.0500001 0.139014 0.05 0.276704 0.05 0.232961 0.0503856 0.0500021 0.05
0.0674617 0.0501693 0.0500023 0.0500001 0.299248 0.0500005 0.0500021 0.0832823 0.0500002 0.249834
0.051947 0.0500852 0.35312 0.050037 0.0514301 0.0500047 0.052259 0.0834865 0.193593 0.0640381
0.05 0.0508943 0.0500001 0.166667 0.05 0.230257 0.248501 0.0506043 0.0530769 0.0500001
