10000 10
0.0611097 0.0500062 0.135604 0.062717 0.156783 0.328596 0.0501859 0.0518731 0.0511248 0.052001 
0.0508023 0.0501454 0.134098 0.253863 0.0503807 0.0548435 0.235046 0.0504025 0.0700334 0.0503848 
0.050005 0.0539937 0.165363 0.0512111 0.215435 0.0500044 0.050006 0.0667356 0.0503165 0.24693 
0.43329 0.0500005 0.133333 0.0500002 0.0500004 0.05 0.051521 0.0500457 0.0818092 0.0500003 
0.050002 0.17425 0.125767 0.0827144 0.0500241 0.30066 0.0665756 0.0500059 0.0500003 0.0500006 
0.0502057 0.215491 0.0524998 0.0576237 0.208757 0.0500424 0.0500005 0.197531 0.0500014 0.0678478 
0.0500003 0.283336 0.232902 0.0500306 0.0500001 0.05 0.05 0.13373 0.0500001 0.0500002 
0.116663 0.05 0.0500035 0.0507008 0.0500139 0.444759 0.0878513 0.0500058 0.0500014 0.050001 
0.0559721 0.250008 0.0687425 0.0500445 0.0666662 0.0500004 0.0500007 0.308562 0.050001 0.0500017 
0.0500534 0.0504797 0.0507161 0.0511787 0.050238 0.389448 0.058284 0.0512159 0.196714 0.0516717 
0.0515823 0.0502741 0.0564337 0.0528686 0.245415 0.0500041 0.0500044 0.160421 0.070573 0.212424 
0.0690127 0.0666677 0.0500049 0.182788 0.381187 0.0503301 0.0500002 0.0500061 0.0500007 0.0500025 
0.249941 0.0500062 0.211259 0.166991 0.0667736 0.0500009 0.0500007 0.0550236 0.0500035 0.0500006 
0.050002 0.0500002 0.0500022 0.0500026 0.166624 0.409663 0.0736947 0.0500103 0.0500005 0.0500005 
0.0500004 0.0520237 0.298008 0.0505779 0.0500006 0.249383 0.0500021 0.0500036 0.05 0.1 
0.050003 0.050861 0.316107 0.0500012 0.0500009 0.233333 0.0500003 0.0501159 0.0500003 0.0995779 
0.141662 0.0514675 0.0502078 0.0500303 0.0502335 0.0616287 0.271815 0.050355 0.0553639 0.217236 
0.0502148 0.0503282 0.0500041 0.0500717 0.0500009 0.166679 0.0500028 0.233076 0.0500004 0.249623 
0.0500003 0.0500019 0.166696 0.0992434 0.050034 0.0558857 0.375779 0.0500081 0.0523469 0.0500048 
0.0510605 0.0533213 0.0503857 0.0656076 0.290012 0.0507464 0.102777 0.051233 0.0506995 0.234158 
0.0503435 0.0525078 0.0520135 0.250249 0.184729 0.0507811 0.204891 0.052051 0.0501134 0.0523215 
0.0500019 0.0500034 0.417028 0.0500677 0.099995 0.116586 0.0500429 0.0662723 0.0500015 0.0500014 
0.0510521 0.0717731 0.23065 0.0501349 0.0500773 0.0505854 0.186413 0.0521428 0.0537185 0.203453 
0.0999975 0.0500005 0.0502095 0.0500528 0.0500017 0.2666 0.0500586 0.283078 0.0500003 0.0500003 
0.066891 0.0500139 0.0500005 0.0500265 0.133077 0.0500014 0.0500004 0.183339 0.0500594 0.316591 
0.0509041 0.0505772 0.254924 0.0502231 0.0502974 0.23365 0.140553 0.0516407 0.0672187 0.0500116 
0.0515521 0.219011 0.0502086 0.0540559 0.0801751 0.337275 0.0533048 0.0513333 0.0500661 0.0530188 
0.181874 0.296221 0.168809 0.0500207 0.050001 0.0500003 0.050001 0.0514331 0.0500017 0.0516378 
0.0500014 0.366197 0.0502164 0.183334 0.0999899 0.0500019 0.0500005 0.0500031 0.0500004 0.0502552 
0.0665828 0.0515527 0.407728 0.0515561 0.100842 0.0514259 0.050423 0.0525515 0.0507522 0.116586 
0.0501538 0.0507916 0.1358 0.0501567 0.0500615 0.275828 0.0522932 0.0527836 0.232092 0.0500403 
0.0515064 0.0500001 0.0500005 0.0500454 0.0500001 0.149998 0.0500003 0.415124 0.050001 0.0833241 
0.0999933 0.31667 0.233004 0.0500033 0.0500008 0.05 0.0500001 0.0503231 0.0500008 0.0500041 
0.13727 0.0500035 0.133355 0.0500343 0.0500001 0.0500002 0.0500002 0.379335 0.0500006 0.0500003 
0.0500185 0.0500001 0.0500005 0.0500253 0.199971 0.0507285 0.232409 0.216657 0.0501898 0.0500007 
0.116667 0.233786 0.286689 0.0500548 0.0500001 0.0500002 0.0500005 0.0628021 0.0500001 0.0500003 
0.0500003 0.184385 0.0961238 0.0504796 0.0500005 0.332889 0.0666688 0.0694523 0.0500001 0.0500005 
0.0525477 0.26667 0.0669486 0.0513002 0.0514336 0.0517136 0.15318 0.0507504 0.0524058 0.20305 
0.0500236 0.0513213 0.351857 0.0667005 0.0500084 0.148284 0.0517022 0.1301 0.050001 0.0500027 
0.0500004 0.313996 0.219174 0.0500019 0.116662 0.0500011 0.0500001 0.0501568 0.0500002 0.0500075 
0.0500121 0.164155 0.135133 0.0500364 0.0500003 0.0500005 0.050001 0.347902 0.050003 0.0527566 
0.133337 0.0501303 0.0500008 0.0500254 0.233294 0.0500026 0.0500005 0.0500069 0.0500005 0.283203 
0.0500003 0.345649 0.0500101 0.18249 0.0500572 0.050765 0.0500006 0.0500015 0.0500011 0.121025 
0.0500047 0.0507338 0.215936 0.050023 0.349943 0.0500063 0.0500008 0.0500168 0.0833344 0.0500013 
0.0682464 0.0500011 0.0500045 0.230165 0.198552 0.20291 0.0501081 0.0500046 0.0500081 0.0500009 
0.05 0.0500001 0.0500015 0.266634 0.0500392 0.0500017 0.316666 0.0666553 0.0500019 0.0500004 
0.237272 0.0500153 0.118357 0.0511494 0.0519792 0.0504564 0.0661477 0.0526176 0.270951 0.0510545 
0.0504956 0.103826 0.0512211 0.0502047 0.0506525 0.0502058 0.0678131 0.0515368 0.055173 0.468871 
0.0500002 0.100499 0.0500051 0.29403 0.0526031 0.053344 0.0500033 0.0500023 0.0500028 0.24951 
0.0502732 0.0500008 0.0500043 0.0500503 0.216629 0.0500029 0.0500003 0.349738 0.0781751 0.0551261 
0.200028 0.0531153 0.0500029 0.0500058 0.233304 0.0500034 0.0500025 0.050028 0.0550878 0.208422 
0.0514722 0.0504912 0.0505235 0.217549 0.050468 0.0552296 0.17168 0.25065 0.050886 0.0510506 
0.0500001 0.0500002 0.0500028 0.15 0.050036 0.23328 0.266669 0.0500008 0.0500103 0.0500006 
0.050001 0.121903 0.0500004 0.0500004 0.05 0.0500003 0.066667 0.0500017 0.0512606 0.460166 
0.0500003 0.0500041 0.0500187 0.0616134 0.0500835 0.30512 0.066478 0.0500095 0.259243 0.0574288 
0.05 0.0500002 0.0500009 0.216454 0.0502079 0.0500009 0.232942 0.0500008 0.200377 0.0500156 
0.0505054 0.0500013 0.0500012 0.0514454 0.44801 0.0833426 0.08221 0.0500273 0.0844563 0.0500009 
0.0500027 0.0500007 0.0500105 0.230755 0.216228 0.0529835 0.0500018 0.050014 0.200002 0.0500013 
0.0524596 0.0500002 0.050001 0.266645 0.0500333 0.0500742 0.050001 0.264119 0.0500002 0.116667 
0.050229 0.069705 0.264992 0.153131 0.0537079 0.0667817 0.0505551 0.0542311 0.050038 0.186629 
0.0500002 0.0925514 0.0500017 0.0500003 0.0500001 0.222232 0.0610932 0.0500049 0.0500008 0.324116 
0.0503617 0.0524249 0.0529588 0.0519035 0.336686 0.0991552 0.184869 0.0518477 0.0683548 0.0514386 
0.203454 0.0500009 0.0500004 0.050004 0.3132 0.050002 0.133334 0.0500039 0.0500011 0.0500003 
0.214294 0.15 0.0500045 0.05001 0.0500004 0.05 0.0500005 0.285688 0.0500021 0.0500009 
0.0666684 0.0500002 0.0500032 0.149822 0.200186 0.277028 0.0562892 0.0500026 0.0500005 0.0500011 
0.256229 0.198769 0.183334 0.0500091 0.0500002 0.0500003 0.050002 0.0604312 0.0500006 0.0512251 
0.0500046 0.0539332 0.262725 0.0500005 0.0500001 0.0500002 0.183334 0.0500017 0.050054 0.199947 
0.0702771 0.0500014 0.266664 0.0500282 0.313012 0.0500033 0.0500003 0.0500117 0.0500005 0.0500016 
0.0500013 0.0500003 0.0522885 0.050077 0.0500004 0.0500001 0.0501349 0.31431 0.11742 0.215767 
0.0500076 0.0667634 0.266543 0.053024 0.0500309 0.146918 0.0500044 0.0500016 0.0500041 0.216703 
0.248721 0.0500622 0.0999462 0.299756 0.0512511 0.0501986 0.0500005 0.0500617 0.0500015 0.0500016 
0.0500008 0.0501401 0.0500001 0.0500575 0.0500004 0.0500003 0.0539984 0.0666293 0.293861 0.285312 
0.0500031 0.183335 0.133331 0.0500001 0.0500001 0.0500001 0.0513245 0.0500177 0.331494 0.0504935 
0.0500574 0.139011 0.0515816 0.219314 0.0502091 0.285292 0.0508594 0.0516009 0.0500842 0.0519902 
0.0500005 0.0504156 0.332918 0.0500027 0.0500001 0.15 0.0500004 0.0666668 0.0500001 0.149996 
0.0500007 0.0500013 0.133363 0.339318 0.0668481 0.0771185 0.0500003 0.0500176 0.13333 0.0500017 
0.0500023 0.138536 0.119739 0.0500796 0.0500009 0.0500006 0.0532151 0.0546586 0.379545 0.0542232 
0.0500002 0.223329 0.0531251 0.0500002 0.0500001 0.149963 0.0500311 0.0500014 0.0521315 0.271419 
0.0503768 0.050004 0.0505554 0.0837303 0.0505899 0.0505393 0.1839 0.378039 0.0508163 0.0514485 
0.0833312 0.0500018 0.0500022 0.283875 0.0500863 0.273252 0.0594442 0.0500035 0.0500017 0.0500015 
0.31546 0.0500039 0.0500021 0.231569 0.0513864 0.0518557 0.0500008 0.0997204 0.0500004 0.050002 
0.0500019 0.0500002 0.050001 0.0832817 0.35004 0.0500027 0.0500007 0.0500083 0.0512081 0.215455 
0.0666998 0.186068 0.050001 0.0500029 0.24995 0.0500032 0.0500009 0.0500102 0.166667 0.0805969 
0.0656005 0.232619 0.0673706 0.050005 0.0500003 0.0500003 0.0500003 0.26775 0.115214 0.0514401 
0.0500004 0.161523 0.0500003 0.05 0.05 0.0500002 0.0831509 0.0500002 0.233517 0.221808 
0.0500004 0.0500015 0.198259 0.398282 0.0501076 0.0516148 0.0500004 0.0517327 0.0500002 0.0500013 
0.0500035 0.0509873 0.265992 0.0500059 0.0500008 0.0500026 0.0500025 0.100004 0.05013 0.282872 
0.050002 0.0500076 0.143133 0.0511595 0.0500202 0.308937 0.188184 0.0567105 0.0518444 0.0500023 
0.133361 0.0533459 0.0500037 0.050001 0.0500004 0.0506495 0.249352 0.0666693 0.0580395 0.238578 
0.0506553 0.0500463 0.0501869 0.29538 0.0663927 0.0559032 0.0841585 0.0513262 0.244675 0.0512761 
0.466963 0.0500001 0.0500003 0.0500017 0.133029 0.0500016 0.0500005 0.0500021 0.0500009 0.0500009 
0.0500006 0.235873 0.0500034 0.247555 0.0500359 0.0523841 0.0500003 0.0500097 0.0500002 0.164138 
0.166597 0.0500637 0.0500006 0.0500001 0.0500003 0.0500004 0.0500003 0.0500704 0.171688 0.311579 
0.163607 0.245538 0.237611 0.0500058 0.0500005 0.0500002 0.0500001 0.0532375 0.0500001 0.0500004 
0.0502514 0.224958 0.0539649 0.0500239 0.0500002 0.0500017 0.183338 0.199727 0.0500035 0.0877312 
0.0999948 0.474581 0.0501659 0.0500004 0.05 0.0500001 0.0500012 0.0500085 0.0500003 0.0752476 
0.051179 0.0500036 0.0500008 0.0745379 0.240895 0.333368 0.0500002 0.050013 0.0500008 0.0500015 
0.0500034 0.305799 0.0544234 0.219333 0.0641477 0.0664469 0.0500077 0.0500058 0.050009 0.0898245 
0.0500001 0.0500012 0.0500006 0.300056 0.0500209 0.0500032 0.116663 0.233254 0.0500003 0.0500005 
0.305866 0.0501518 0.0502708 0.287681 0.0507368 0.0505109 0.051149 0.0504297 0.0527972 0.0504061 
0.0500011 0.0961069 0.0539028 0.297141 0.0664135 0.23642 0.0500008 0.0500098 0.0500009 0.0500032 
0.0509362 0.0500001 0.0500137 0.0500627 0.283292 0.11667 0.050001 0.249023 0.0500005 0.0500005 
0.36905 0.0503245 0.0504258 0.0546079 0.210285 0.0505441 0.0510008 0.0613652 0.0501305 0.0522665 
0.0500002 0.0500012 0.2167 0.266068 0.0500378 0.050522 0.0500001 0.0500006 0.0500007 0.166669 
0.156323 0.188406 0.0689111 0.0502941 0.0508071 0.050256 0.0510183 0.0648684 0.0589594 0.260157 
0.0500003 0.263633 0.0526947 0.243235 0.0500809 0.0572471 0.0500005 0.132757 0.0500005 0.0503509 
0.0533244 0.0516111 0.0508888 0.202593 0.0513885 0.0500915 0.166706 0.0507752 0.268205 0.054416 
0.0521041 0.0514486 0.0502744 0.0504756 0.0500807 0.313989 0.196075 0.0517829 0.133306 0.050464 
0.0687204 0.0500011 0.0513639 0.0513752 0.198615 0.050002 0.050005 0.379915 0.0500012 0.0500012 
0.0500008 0.183358 0.0594898 0.0501232 0.0500004 0.266631 0.0666812 0.173711 0.0500041 0.0500005 
0.05 0.0809336 0.0523998 0.066656 0.0500148 0.31666 0.0664194 0.0500007 0.216915 0.0500004 
0.0500012 0.0500006 0.0500004 0.133179 0.0500185 0.0508899 0.238477 0.0500151 0.277418 0.0500011 
0.0670716 0.0500037 0.0505072 0.117302 0.101041 0.050498 0.0501245 0.411388 0.0507448 0.0513203 
0.0500091 0.183949 0.0501127 0.0502078 0.183491 0.0503894 0.0541206 0.0522154 0.253514 0.0719909 
0.0500001 0.0500005 0.166666 0.0500001 0.0500001 0.05 0.0818643 0.0500014 0.3848 0.0666673 
0.166656 0.0500022 0.0500007 0.0524784 0.0500147 0.409551 0.0546166 0.0500093 0.0500003 0.0666706 
0.0503322 0.0603627 0.218573 0.0524718 0.0501326 0.050862 0.051912 0.0530811 0.0889602 0.323312 
0.0500006 0.0667409 0.199922 0.246609 0.0533192 0.0500018 0.0500009 0.0500291 0.0526227 0.180754 
0.0690806 0.0675809 0.05006 0.0567687 0.266119 0.0505854 0.0520195 0.169813 0.0500191 0.167954 
0.0500001 0.05 0.0500001 0.05 0.05 0.0666667 0.101886 0.0500115 0.481429 0.0500063 
0.0500006 0.183684 0.279424 0.0500642 0.0500001 0.0500003 0.0500006 0.186826 0.0500001 0.0500004 
0.0500009 0.166671 0.0500021 0.123324 0.0599048 0.0500023 0.348966 0.0500278 0.0511007 0.0500005 
0.0500001 0.38333 0.0500011 0.199946 0.050046 0.0500006 0.0500001 0.0500007 0.0500001 0.0666751 
0.0500013 0.26622 0.0504542 0.166512 0.0502775 0.0831803 0.183351 0.0500013 0.0500003 0.0500017 
0.149998 0.216623 0.283371 0.0500001 0.0500007 0.05 0.0500001 0.050001 0.0500008 0.0500058 
0.266633 0.0500001 0.0500014 0.283147 0.0667802 0.0834201 0.0500011 0.0500152 0.0500003 0.0500012 
0.0500058 0.0513956 0.331969 0.166254 0.050243 0.0503604 0.0500003 0.14977 0.0500005 0.0500012 
0.0500012 0.0500001 0.0500036 0.0500002 0.05 0.0646474 0.294759 0.0500043 0.274865 0.0657191 
0.253592 0.0572071 0.246926 0.0503848 0.0507898 0.0846423 0.0501842 0.103186 0.0511094 0.0519777 
0.0500022 0.0500025 0.0500027 0.166644 0.050272 0.261045 0.0556207 0.216408 0.0500005 0.0500022 
0.0500002 0.249995 0.0500065 0.0505415 0.0999913 0.299388 0.0500737 0.0500029 0.0500008 0.0500002 
0.05025 0.0551627 0.215523 0.0517928 0.0500996 0.0506456 0.258184 0.0502107 0.150814 0.0673174 
0.0500026 0.0500001 0.0500021 0.050002 0.233307 0.249889 0.0746053 0.0500404 0.142151 0.0500016 
0.149996 0.05 0.0500001 0.0500677 0.0500001 0.05 0.216667 0.283269 0.0500001 0.0500001 
0.399975 0.0613125 0.0500004 0.0500001 0.0500344 0.149999 0.0500059 0.0500012 0.0508734 0.0877985 
0.0500008 0.0565152 0.0768191 0.510893 0.0535435 0.0522222 0.0500003 0.0500051 0.0500002 0.0500005 
0.0511104 0.050001 0.0841602 0.0834113 0.0500103 0.0500001 0.0500001 0.481304 0.0500001 0.0500019 
0.0501298 0.0589441 0.220984 0.0534377 0.052038 0.200899 0.0542915 0.0539546 0.0702227 0.185098 
0.0564692 0.252559 0.0669867 0.0500684 0.0500014 0.133334 0.0666687 0.210119 0.0500025 0.0637908 
0.0666711 0.0500019 0.0500016 0.277234 0.156175 0.0500066 0.0500009 0.199901 0.0500007 0.0500074 
0.0500006 0.0500002 0.183338 0.0500072 0.0500023 0.108974 0.351897 0.0500136 0.0557655 0.050001 
0.0502417 0.212 0.0500663 0.136863 0.0501013 0.0500273 0.0501251 0.0541083 0.050381 0.296086 
0.0500004 0.149853 0.283347 0.0500006 0.0500001 0.183116 0.083529 0.0500071 0.0500007 0.0501458 
0.0503005 0.0526259 0.331432 0.0501999 0.0500206 0.0833605 0.0500724 0.0551592 0.226558 0.050271 
0.0500027 0.0563209 0.050003 0.199558 0.0504229 0.0500008 0.0500019 0.0500039 0.334509 0.109177 
0.0502198 0.0504035 0.320088 0.15528 0.0501164 0.0505645 0.171348 0.0513589 0.0502105 0.0504098 
0.0500016 0.0500017 0.216532 0.050003 0.233318 0.0500109 0.177075 0.0501779 0.0728775 0.0500026 
0.0500001 0.266671 0.050002 0.181666 0.0516538 0.0500038 0.0500002 0.0500033 0.0664202 0.18358 
0.0500002 0.100011 0.0500004 0.0587656 0.0579149 0.0500007 0.0500003 0.483305 0.0500004 0.0500017 
0.050001 0.0500022 0.0500137 0.458103 0.122583 0.0692812 0.0500013 0.0500108 0.050001 0.0500027 
0.0500102 0.0567438 0.132586 0.0507684 0.0525135 0.0505116 0.238523 0.0524657 0.0598959 0.255982 
0.0500005 0.0531789 0.23021 0.20037 0.0501167 0.0500007 0.199999 0.0661233 0.0500003 0.0500004 
0.0500004 0.0500093 0.0507958 0.0500405 0.133322 0.050001 0.0500003 0.332507 0.0500014 0.183323 
0.0666508 0.053949 0.051197 0.0530578 0.163408 0.0500026 0.0500021 0.198994 0.0500023 0.262736 
0.166669 0.0500008 0.21667 0.255728 0.0503763 0.0605526 0.0500008 0.0500009 0.050001 0.0500009 
0.0500018 0.05 0.0500032 0.0500457 0.0500022 0.21662 0.265182 0.166713 0.0514329 0.0500005 
0.0500002 0.0500001 0.0500009 0.0500001 0.0500008 0.050004 0.216779 0.0500032 0.163196 0.270016 
0.0505426 0.0518716 0.0501103 0.228898 0.238311 0.050041 0.0506825 0.0551895 0.156705 0.0676484 
0.0500026 0.249993 0.0500012 0.26353 0.0697654 0.050017 0.0500007 0.0500038 0.116636 0.0500495 
0.0500012 0.150277 0.293095 0.0500299 0.0500002 0.0500002 0.0500003 0.0732443 0.0500012 0.18335 
0.0500015 0.0500002 0.0500006 0.0521203 0.183331 0.197869 0.0532063 0.0500035 0.263329 0.0501388 
0.0500003 0.066667 0.0500011 0.450558 0.0660939 0.0500072 0.0500001 0.0500026 0.116669 0.0500006 
0.0500001 0.200001 0.0666658 0.0500186 0.05 0.0500001 0.300001 0.133314 0.0500001 0.0500001 
0.0603096 0.0500005 0.0652019 0.0500529 0.142035 0.0500013 0.0500024 0.315728 0.166666 0.0500023 
0.0501497 0.050284 0.0507877 0.202148 0.276433 0.0532657 0.0500035 0.0501571 0.166717 0.0500546 
0.245663 0.0500021 0.183265 0.0500046 0.0812027 0.167214 0.0661266 0.0565163 0.0500036 0.0500024 
0.0500113 0.24571 0.0543035 0.28242 0.116793 0.050745 0.0500029 0.0500054 0.0500015 0.050007 
0.0500206 0.18863 0.0519005 0.0521189 0.0509731 0.0523157 0.351013 0.0506026 0.10008 0.0523452 
0.0500002 0.0500005 0.0666472 0.050008 0.0500005 0.0500004 0.0500105 0.050011 0.366654 0.216668 
0.250025 0.0774942 0.306627 0.0500868 0.0500007 0.0500004 0.0500014 0.0657633 0.0500007 0.0500009 
0.0500008 0.465516 0.0837615 0.0500065 0.05 0.05 0.0500002 0.0998651 0.0500001 0.0508496 
0.0500009 0.201916 0.0543331 0.232144 0.0500892 0.0599656 0.189267 0.0500157 0.0518322 0.0604373 
0.050002 0.0500005 0.150001 0.0500221 0.333294 0.0500028 0.166668 0.0500091 0.0500004 0.0500003 
0.0500001 0.0500006 0.0833346 0.0666609 0.0500008 0.33356 0.216289 0.0500012 0.0501525 0.0500008 
0.0500425 0.0508153 0.0509577 0.0501026 0.0503914 0.0500096 0.244599 0.102626 0.298538 0.0519171 
0.0500001 0.0666667 0.0500047 0.0507117 0.0500001 0.227906 0.354308 0.0500084 0.0503934 0.0500004 
0.0564653 0.0500001 0.050002 0.0500552 0.0500014 0.264387 0.168932 0.210152 0.0500032 0.0500014 
0.0553725 0.0500022 0.0666071 0.0629933 0.148352 0.0500056 0.0666669 0.39999 0.050004 0.0500059 
0.0500064 0.0500013 0.0500014 0.0585806 0.241386 0.0500074 0.266885 0.050014 0.122485 0.0606331 
0.0500607 0.116668 0.0500023 0.0510082 0.348907 0.0500041 0.0500005 0.0500129 0.183335 0.0500013 
0.178976 0.0500003 0.0500025 0.131759 0.0515678 0.333322 0.0500141 0.0543556 0.0500014 0.0500012 
0.050353 0.0501413 0.240532 0.0502534 0.050533 0.0504987 0.0501268 0.28668 0.0507547 0.120127 
0.115366 0.329401 0.052543 0.0500566 0.0512958 0.0500045 0.0500006 0.199915 0.0500021 0.0514156 
0.0500001 0.05 0.0500015 0.0500315 0.0500015 0.333316 0.0500023 0.133338 0.174309 0.0589998 
0.0500006 0.150979 0.29792 0.0500198 0.0500002 0.0500001 0.0500002 0.200489 0.0500005 0.05059 
0.0683919 0.050002 0.0665772 0.250326 0.150074 0.0500154 0.0500017 0.21461 0.0500003 0.0500025 
0.373597 0.0508831 0.151178 0.0501293 0.0500538 0.0502208 0.117156 0.0525039 0.0518819 0.0523962 
0.0800467 0.0500042 0.0505454 0.184117 0.0506432 0.0506572 0.0501354 0.313021 0.0616364 0.109194 
0.108435 0.169981 0.0513869 0.0535593 0.347351 0.0512354 0.052757 0.063945 0.0504574 0.0508921 
0.0500197 0.0500003 0.0500008 0.0500155 0.333285 0.150009 0.0500015 0.166666 0.0500009 0.0500007 
0.133284 0.300002 0.0500051 0.05 0.050047 0.0507523 0.215907 0.0500008 0.0500029 0.0500002 
0.250236 0.0613668 0.23198 0.0500491 0.0500008 0.0500004 0.0500004 0.156365 0.0500008 0.0500009 
0.0562083 0.0504086 0.0506443 0.0688876 0.133608 0.0505755 0.394638 0.094398 0.0502143 0.0504171 
0.0500051 0.122694 0.0500089 0.249511 0.249902 0.0505581 0.0500013 0.0500091 0.0500016 0.0773083 
0.315534 0.0500005 0.0501909 0.0500159 0.0500004 0.149999 0.0500006 0.184255 0.0500022 0.0500016 
0.0500002 0.0500099 0.183323 0.0500001 0.05 0.0500001 0.05 0.0500024 0.381127 0.0855379 
0.0500002 0.0500019 0.0500025 0.382504 0.0673876 0.0667655 0.155328 0.0500038 0.0613368 0.0666703 
0.232255 0.054405 0.164222 0.0519806 0.0660415 0.0500595 0.217683 0.0617579 0.0506456 0.0509491 
0.0500001 0.133322 0.0500007 0.183296 0.0500337 0.0500003 0.0535438 0.0500115 0.328977 0.0508153 
0.365909 0.0500002 0.0500014 0.0500168 0.149975 0.050002 0.0500009 0.0507556 0.133338 0.0500011 
0.0508695 0.0500359 0.0521983 0.235083 0.0513497 0.0503639 0.15523 0.0527811 0.250066 0.0520224 
0.0502082 0.0685887 0.242662 0.0502755 0.0510583 0.0500638 0.318866 0.0681526 0.0500165 0.0501085 
0.0500002 0.280768 0.0525365 0.0500001 0.05 0.0500013 0.249551 0.0500012 0.117113 0.0500293 
0.0500002 0.0500003 0.0833339 0.0514209 0.050015 0.326491 0.0553916 0.0500045 0.233314 0.0500286 
0.0500002 0.0500024 0.0500007 0.0500002 0.05 0.0500001 0.0665849 0.0500041 0.371736 0.211672 
0.0500033 0.0733615 0.314413 0.0500033 0.0500012 0.0500027 0.0500029 0.0511131 0.0500006 0.261098 
0.0500008 0.0561245 0.266666 0.0500002 0.05 0.0500002 0.0500022 0.0500027 0.0833336 0.29387 
0.0500006 0.0500017 0.0500014 0.0500001 0.0500001 0.099979 0.248471 0.0500184 0.0515303 0.299998 
0.0500001 0.0500003 0.050002 0.1666 0.0500582 0.230417 0.0529189 0.0500044 0.241997 0.0580023 
0.270429 0.195156 0.0533192 0.0509053 0.0513183 0.0520105 0.0503346 0.174704 0.0505362 0.0512871 
0.0500003 0.0500001 0.0500003 0.0500014 0.0833274 0.0508367 0.253974 0.0500026 0.311857 0.0500002 
0.0500012 0.0500007 0.0500009 0.327293 0.104686 0.0513391 0.0500023 0.0500072 0.216407 0.0502627 
0.0500084 0.215048 0.0506168 0.0501947 0.234784 0.0501744 0.0500611 0.0521451 0.184049 0.0629189 
0.0501292 0.0506627 0.0506954 0.0501442 0.0500516 0.0518592 0.283027 0.228136 0.0518625 0.133432 
0.0500058 0.0525623 0.0500004 0.0500001 0.05 0.2 0.0666675 0.0500007 0.0500447 0.380718 
0.0500664 0.290883 0.133899 0.0536736 0.0521732 0.200519 0.0533504 0.0520707 0.050013 0.0633505 
0.0501866 0.0500008 0.0500042 0.0520313 0.266036 0.265012 0.057632 0.0500074 0.108552 0.0505373 
0.0500007 0.222296 0.0500006 0.0500005 0.05 0.05 0.0500007 0.0500021 0.0504782 0.377221 
0.176689 0.0504255 0.0505602 0.0667751 0.363107 0.0506577 0.0513213 0.0515757 0.0501638 0.0887243 
0.278032 0.0500015 0.050001 0.0501607 0.321772 0.0500074 0.0500004 0.0500183 0.0500036 0.0500029 
0.0527997 0.0500082 0.201137 0.0500788 0.0500002 0.0500001 0.066668 0.22931 0.199998 0.0500003 
0.0663107 0.0500005 0.0500071 0.266275 0.246002 0.0547229 0.100005 0.0500054 0.0666679 0.0500029 
0.271866 0.0500005 0.0500208 0.0500122 0.0513403 0.05 0.0500005 0.32676 0.0500001 0.0500002 
0.299669 0.166652 0.05 0.0500001 0.050036 0.05 0.0500004 0.0502874 0.18334 0.0500152 
0.198257 0.0548795 0.050161 0.051842 0.0683254 0.0501513 0.333229 0.0517799 0.0851804 0.0561953 
0.0500032 0.22054 0.29611 0.0500288 0.116665 0.0500008 0.0500004 0.0666435 0.0500006 0.0500079 
0.0500035 0.0500107 0.0634248 0.050041 0.0500003 0.0876468 0.062273 0.053199 0.48245 0.0509507 
0.182988 0.0500017 0.21565 0.0500627 0.0500001 0.05 0.0500002 0.251297 0.0500001 0.0500006 
0.0687846 0.0500003 0.0500117 0.0500741 0.265992 0.148769 0.0511883 0.215178 0.0500017 0.0500012 
0.225207 0.151102 0.268082 0.0501901 0.0510771 0.0505687 0.0520923 0.0513108 0.0500189 0.0503512 
0.05 0.0500005 0.0500002 0.0500058 0.05 0.26666 0.0500001 0.0500015 0.0535781 0.329753 
0.131358 0.05 0.0500001 0.0500013 0.0500006 0.0500001 0.0666668 0.0519687 0.449077 0.0509276 
0.052562 0.0504225 0.0501682 0.0501108 0.0500183 0.0501064 0.0500924 0.357296 0.238098 0.0511258 
0.249977 0.249998 0.050001 0.139166 0.060717 0.0501288 0.0500002 0.0500033 0.0500008 0.0500076 
0.166669 0.163085 0.0552559 0.050003 0.0500002 0.0500009 0.0500013 0.0500175 0.0532959 0.311671 
0.328065 0.166667 0.050014 0.0500148 0.0500119 0.0500001 0.0500006 0.155226 0.0500001 0.0500002 
0.268799 0.226656 0.0502402 0.0502137 0.0505386 0.0504576 0.0507853 0.0507574 0.151456 0.0500963 
0.0676638 0.0500001 0.0500001 0.0500367 0.11665 0.0500032 0.0500242 0.31583 0.196702 0.0530896 
0.0500013 0.0503653 0.0666786 0.0501004 0.0500001 0.0500484 0.216622 0.149894 0.0502765 0.266013 
0.321476 0.0500025 0.0500007 0.0500314 0.0500013 0.216666 0.0500002 0.061822 0.0500004 0.1 
0.200001 0.0500014 0.0500103 0.356919 0.0502511 0.0928105 0.0500001 0.0500051 0.0500002 0.0500014 
0.244359 0.0664174 0.0500021 0.066485 0.267753 0.0500037 0.0500015 0.0547295 0.0508106 0.0994382 
0.0500009 0.050002 0.0500029 0.258149 0.158453 0.233371 0.050001 0.0500175 0.0500009 0.0500017 
0.129679 0.0500012 0.0508803 0.0500448 0.0500002 0.245318 0.0546782 0.269391 0.0500034 0.0500042 
0.127854 0.0721168 0.284174 0.0517619 0.072447 0.0507018 0.0511728 0.050941 0.184236 0.0545942 
0.0500002 0.0500002 0.0500008 0.349753 0.0500215 0.0509417 0.149279 0.0500023 0.0500003 0.150001 
0.0500023 0.063575 0.0500053 0.0500024 0.133321 0.148617 0.0513691 0.0500093 0.0500005 0.353097 
0.0500002 0.0500012 0.1668 0.0833065 0.050023 0.0500211 0.383319 0.0665291 0.0500002 0.0500001 
0.0547672 0.0507829 0.0510288 0.0502563 0.0512287 0.219938 0.0525562 0.269193 0.147102 0.0531475 
0.428632 0.083338 0.0500013 0.0500382 0.0579429 0.0500027 0.0500017 0.130041 0.0500005 0.0500013 
0.281094 0.246291 0.0500004 0.0500111 0.0500003 0.05 0.0500011 0.10224 0.0500004 0.070362 
0.0500001 0.0500003 0.166676 0.0500002 0.05 0.0500002 0.266667 0.0500061 0.197229 0.0694213 
0.0500017 0.0500019 0.0500063 0.166426 0.0738951 0.342909 0.116336 0.0500322 0.0503889 0.0500029 
0.050286 0.0510724 0.0500827 0.260668 0.0502212 0.314465 0.0501625 0.0550436 0.0673061 0.050693 
0.0500022 0.183401 0.050437 0.0500004 0.0500003 0.0500002 0.15 0.0500011 0.0500527 0.316105 
0.0500032 0.102452 0.0500394 0.0504399 0.0502958 0.0500307 0.0500084 0.0500012 0.14101 0.40572 
0.0500028 0.0666674 0.0500009 0.0700988 0.413219 0.0500039 0.0500005 0.0500039 0.150002 0.0500007 
0.162972 0.0527319 0.25666 0.207482 0.050054 0.0593862 0.0511051 0.0562249 0.0528065 0.050578 
0.0500085 0.0668507 0.0506377 0.0529995 0.0502025 0.331433 0.0835367 0.0505706 0.195965 0.0677959 
0.0500032 0.0505494 0.299313 0.142974 0.207016 0.0500045 0.0500006 0.0501368 0.0500005 0.0500018 
0.0500004 0.196297 0.0703689 0.0500001 0.05 0.05 0.250527 0.0500012 0.166138 0.0666676 
0.149965 0.0568136 0.0501617 0.050058 0.0500332 0.0500001 0.0500004 0.21645 0.0500031 0.276515 
0.0501046 0.0514301 0.218388 0.0501859 0.102733 0.050253 0.0504567 0.0683906 0.306883 0.0511752 
0.0515166 0.24412 0.0501074 0.0504042 0.0521126 0.128558 0.0549569 0.0525891 0.050494 0.265141 
0.0500055 0.0500016 0.069457 0.050068 0.283271 0.050011 0.149999 0.197185 0.0500011 0.0500012 
0.0500004 0.0500019 0.050003 0.425151 0.0736699 0.051169 0.15 0.0500022 0.0500007 0.0500017 
0.249981 0.0500002 0.0500025 0.0500026 0.183337 0.216545 0.0501222 0.0500072 0.0500013 0.0500006 
0.2 0.0500001 0.0500008 0.05 0.0500001 0.0516288 0.248368 0.0500009 0.0500002 0.200001 
0.0513177 0.0500015 0.0500034 0.0517754 0.198141 0.0510272 0.165636 0.282091 0.0500033 0.0500034 
0.159905 0.0500002 0.0500015 0.350069 0.050044 0.0500004 0.0500001 0.139979 0.0500004 0.050001 
0.0500024 0.0513394 0.165324 0.0500031 0.266656 0.050003 0.0500006 0.0500105 0.2085 0.0581608 
0.0500185 0.0524809 0.362019 0.133417 0.139766 0.0537872 0.0538611 0.0530172 0.0513514 0.0502817 
0.166669 0.050241 0.0500001 0.0500005 0.0500007 0.0500002 0.316667 0.0500007 0.0500003 0.166421 
0.0500304 0.0500039 0.0592121 0.0687057 0.266706 0.248014 0.0500021 0.107324 0.0500007 0.0500005 
0.0500007 0.0500009 0.0500016 0.210089 0.0565433 0.183316 0.053435 0.0500119 0.24617 0.0504312 
0.219102 0.0509598 0.0505323 0.368453 0.0522559 0.0501097 0.0500078 0.0574755 0.0504786 0.0506252 
0.113665 0.0666662 0.0500017 0.0500319 0.0506631 0.0500007 0.198009 0.0522678 0.0519916 0.316703 
0.0500014 0.0500003 0.0833327 0.0500816 0.05 0.0500001 0.0500001 0.166599 0.399469 0.0505152 
0.0501198 0.177578 0.0500303 0.0504251 0.0500071 0.167862 0.0500884 0.0505222 0.30322 0.0501467 
0.0500005 0.0500065 0.0500056 0.21662 0.0501346 0.143587 0.0563061 0.0500055 0.0586318 0.274703 
0.050002 0.0695228 0.279869 0.0500007 0.0500001 0.0500001 0.0666679 0.0500029 0.11667 0.217265 
0.0800178 0.0517525 0.0521261 0.142126 0.0517432 0.415579 0.0514447 0.053922 0.0500439 0.0512447 
0.0500002 0.0500053 0.283354 0.0500001 0.05 0.120432 0.246206 0.0500021 0.0500002 0.0500003 
0.0500002 0.323937 0.0500056 0.249373 0.0506841 0.0666037 0.0500022 0.0500267 0.0500009 0.0593655 
0.30978 0.0530469 0.250739 0.0527228 0.0537894 0.0500346 0.0579388 0.0564147 0.0650579 0.0504758 
0.0500037 0.314757 0.066505 0.0500002 0.05 0.0500006 0.0689342 0.0500025 0.247735 0.0520624 
0.0500101 0.368272 0.057252 0.187706 0.0501492 0.0504247 0.0503002 0.0505606 0.0508166 0.0845095 
0.0500009 0.214469 0.050002 0.316505 0.100174 0.0666499 0.0500003 0.0500014 0.0500003 0.0521974 
0.198478 0.31614 0.0500016 0.0500027 0.0514948 0.0500001 0.0500006 0.0500196 0.0500013 0.133861 
0.0500016 0.0500004 0.199999 0.0500001 0.05 0.0500001 0.0500542 0.0500031 0.346535 0.103406 
0.050053 0.0671204 0.282884 0.0533313 0.0516803 0.19968 0.141264 0.0531499 0.05001 0.0508264 
0.0500001 0.44825 0.0504354 0.0500001 0.05 0.11663 0.0500361 0.050001 0.0833335 0.0513137 
0.116667 0.05 0.050002 0.0500009 0.0500001 0.166666 0.366494 0.0500002 0.0501698 0.0500002 
0.0500005 0.0500005 0.0500037 0.378196 0.0545557 0.0688676 0.182425 0.0500105 0.065939 0.050001 
0.171171 0.0501624 0.050002 0.407397 0.0505477 0.0510372 0.0508603 0.0510536 0.0671043 0.0506641 
0.166677 0.0500014 0.0509834 0.050079 0.233246 0.0500068 0.0500005 0.249002 0.0500003 0.050003 
0.216925 0.0509751 0.0511461 0.203883 0.0637368 0.0501059 0.211554 0.0514343 0.0500583 0.0501808 
0.201516 0.0500005 0.0500003 0.0500344 0.0500001 0.0500002 0.0500002 0.398448 0.0500001 0.0500002 
0.050005 0.0500013 0.0500013 0.0626501 0.366662 0.170668 0.0500018 0.0500095 0.0999989 0.0500026 
0.0500001 0.0999857 0.0500162 0.05 0.05 0.151347 0.398647 0.0500003 0.0500036 0.05 
0.383346 0.0533515 0.188951 0.0667092 0.050014 0.0500004 0.0500002 0.0576206 0.0500007 0.0500064 
0.0500009 0.088155 0.211817 0.200216 0.0500378 0.0500012 0.0500004 0.199769 0.0500002 0.0500023 
0.0666742 0.050002 0.0500013 0.225393 0.274706 0.0500095 0.0500014 0.133201 0.0500028 0.0500085 
0.0500041 0.0625941 0.170687 0.0500012 0.0500002 0.0500003 0.0500609 0.0500034 0.258137 0.208512 
0.0522231 0.315569 0.0586783 0.16479 0.0535899 0.0694033 0.130653 0.0519821 0.05304 0.0500716 
0.0500002 0.0501047 0.0500008 0.0666542 0.0500079 0.0500036 0.0500001 0.23333 0.066666 0.333233 
0.0558903 0.166671 0.0500003 0.0500032 0.177425 0.0500013 0.0500011 0.0500056 0.0500004 0.300002 
0.0500014 0.0500024 0.0549441 0.0501135 0.149961 0.0500028 0.166668 0.328304 0.0500017 0.0500009 
0.0505533 0.0518103 0.390199 0.0501313 0.0500452 0.0510849 0.0502749 0.205791 0.0500796 0.05003 
0.0500008 0.0500021 0.216598 0.0500008 0.05 0.283334 0.146743 0.0500672 0.0532539 0.0500002 
0.0500003 0.279578 0.203755 0.0500003 0.0500001 0.166569 0.0500947 0.0500022 0.0500002 0.0500005 
0.0500015 0.0623188 0.0500046 0.247278 0.0501643 0.0556049 0.213604 0.0500062 0.0673348 0.153683 
0.0502194 0.25001 0.0500054 0.172485 0.227234 0.0500076 0.050001 0.0500288 0.0500066 0.0500024 
0.0500007 0.233482 0.348237 0.0500163 0.0500004 0.0500001 0.0500001 0.0517431 0.0500003 0.0665199 
0.05 0.05 0.0500001 0.05 0.05 0.0518003 0.352291 0.050008 0.245899 0.050002 
0.249978 0.0647749 0.0500007 0.0500323 0.0500246 0.0500001 0.0500003 0.133313 0.0500004 0.251876 
0.050551 0.0576953 0.0500713 0.0510247 0.2167 0.0507526 0.0500899 0.153959 0.0511878 0.267969 
0.290603 0.0501509 0.0500017 0.0507586 0.0503906 0.0509669 0.0508027 0.153333 0.0668705 0.186122 
0.0501413 0.35758 0.0510314 0.0502853 0.0517263 0.100748 0.0500212 0.18541 0.0514542 0.0516026 
0.118522 0.0500003 0.050001 0.0632299 0.301568 0.211415 0.0552579 0.0500033 0.0500015 0.0500004 
0.0509338 0.050001 0.0504066 0.0500519 0.249021 0.0500036 0.0780109 0.149598 0.221973 0.0500004 
0.0500001 0.166667 0.0500024 0.0500207 0.0500023 0.199862 0.0506071 0.0500018 0.282837 0.0500006 
0.05 0.05 0.0500007 0.05 0.05 0.0663192 0.258965 0.0500068 0.324699 0.0500098 
0.0500003 0.0535544 0.0500007 0.165917 0.0507464 0.0500005 0.0500003 0.0500004 0.233246 0.246533 
0.0500034 0.0526091 0.116671 0.0500342 0.0500003 0.0500007 0.0500018 0.249991 0.0500024 0.280686 
0.050001 0.0667078 0.0500006 0.0500001 0.0500003 0.0698267 0.0879702 0.050002 0.275457 0.250035 
0.297178 0.0500018 0.0500016 0.26358 0.0864322 0.0500041 0.0500011 0.0527992 0.0500009 0.0500011 
0.0694194 0.0500002 0.0500005 0.0500077 0.0500001 0.0504337 0.43291 0.130566 0.0666605 0.0500014 
0.0833333 0.0500063 0.465908 0.0500014 0.05 0.0835194 0.0664802 0.0507509 0.0500001 0.0500005 
0.0500002 0.266583 0.0500022 0.232007 0.0512377 0.0500772 0.0500002 0.0500027 0.0500002 0.15009 
0.0500005 0.0500055 0.050004 0.258906 0.0500288 0.0577114 0.0666708 0.0500095 0.0580914 0.308572 
0.0999849 0.0500013 0.300185 0.0500091 0.0500003 0.0500001 0.06844 0.0831505 0.198229 0.0500005 
0.149986 0.0500001 0.05 0.05 0.0500116 0.05 0.38301 0.0500023 0.11699 0.0500002 
0.0500002 0.0574003 0.0500008 0.333293 0.0500431 0.0500003 0.0666673 0.050002 0.0500012 0.242592 
0.0507895 0.185614 0.0503396 0.0501254 0.0500366 0.0502165 0.317802 0.052427 0.139007 0.0536413 
0.283324 0.057423 0.259251 0.0991185 0.0508516 0.0500015 0.0500001 0.050024 0.0500031 0.0500028 
0.0500003 0.0500005 0.0500006 0.0500003 0.05 0.0500012 0.306987 0.0500005 0.264379 0.0786306 
0.0500017 0.0500019 0.283451 0.115116 0.0500715 0.0574424 0.243895 0.0500018 0.0500147 0.0500031 
0.0500001 0.0500118 0.0500001 0.0500115 0.05 0.05 0.28333 0.133322 0.0500048 0.23332 
0.0500006 0.0500006 0.0833336 0.0500006 0.0999724 0.466683 0.0500005 0.050008 0.0500003 0.0500002 
0.0500017 0.0500007 0.0666774 0.248898 0.329412 0.0549902 0.050001 0.050015 0.0500009 0.050003 
0.0691816 0.0500062 0.0566799 0.0500816 0.0833179 0.0506038 0.279623 0.257446 0.0530597 0.0500004 
0.0680329 0.050001 0.0520299 0.231533 0.0505502 0.0513475 0.050002 0.246497 0.150001 0.0500054 
0.100021 0.0500023 0.050001 0.0514314 0.233194 0.311493 0.0538456 0.0500062 0.0500029 0.0500023 
0.208885 0.0671838 0.0506858 0.0504001 0.0500363 0.0519365 0.0500425 0.0522771 0.151901 0.266652 
0.0512942 0.0505527 0.0514644 0.135901 0.0500326 0.232595 0.055332 0.272621 0.0501698 0.0500373 
0.050008 0.05013 0.0500059 0.055919 0.050105 0.293933 0.0545173 0.0500088 0.0709581 0.274415 
0.248678 0.0666338 0.299903 0.0500033 0.0835854 0.0500028 0.0500007 0.0511909 0.0500015 0.050001 
0.0500001 0.300041 0.0500001 0.0500001 0.05 0.05 0.0500029 0.050018 0.0698018 0.280136 
0.0500008 0.0500083 0.0589204 0.0500466 0.05 0.0500002 0.216655 0.157688 0.050077 0.266603 
0.0530775 0.0517781 0.0522933 0.163261 0.204703 0.0596254 0.054626 0.0519992 0.0513204 0.257316 
0.05 0.0666963 0.0666364 0.0500003 0.05 0.0675295 0.48501 0.0500031 0.0641244 0.0500002 
0.133335 0.0500004 0.0500079 0.0648536 0.0500336 0.385093 0.0500028 0.0500025 0.0500018 0.11667 
0.052889 0.052176 0.0500687 0.260842 0.0728998 0.0547701 0.0533356 0.0513267 0.133305 0.218387 
0.0500002 0.0500005 0.216607 0.24994 0.0500537 0.0500008 0.0500002 0.0500641 0.183332 0.0500018 
0.0536687 0.0500039 0.0500066 0.148472 0.0506818 0.250923 0.0500041 0.246232 0.0500039 0.0500039 
0.0500001 0.0502435 0.0500003 0.0500001 0.05 0.0500001 0.23434 0.0500021 0.0989909 0.316423 
0.0500001 0.0500005 0.0500014 0.149938 0.0500551 0.283368 0.0666346 0.0500012 0.200001 0.0500004 
0.26873 0.050001 0.0500007 0.0500026 0.247907 0.0500057 0.0503177 0.050008 0.13038 0.052647 
0.252777 0.0505871 0.0508673 0.0506516 0.0663483 0.255145 0.0575437 0.0504381 0.115423 0.0502194 
0.0500004 0.0500004 0.0500014 0.233305 0.0500251 0.100001 0.309781 0.0500005 0.0568847 0.0500007 
0.0500001 0.0833332 0.0500026 0.05 0.05 0.216367 0.350293 0.0500008 0.0500025 0.0500004 
0.252895 0.0500014 0.149998 0.0500354 0.0500013 0.0500002 0.0500007 0.247065 0.0500015 0.0500008 
0.0500022 0.0668023 0.0500089 0.158606 0.0741921 0.0505284 0.248138 0.0500429 0.0518031 0.199877 
0.070535 0.154611 0.0507535 0.0506381 0.0506054 0.183638 0.0500097 0.287653 0.0506775 0.0508783 
0.0500004 0.0500021 0.333329 0.0500004 0.05 0.0500001 0.266666 0.0500013 0.0500002 0.0500001 
0.302998 0.0500661 0.0505231 0.0502543 0.0500318 0.0557815 0.233406 0.102533 0.0539259 0.0504808 
0.0833332 0.100001 0.0500007 0.466344 0.0503202 0.0500007 0.0500001 0.0500002 0.0500001 0.0500005 
0.156316 0.334286 0.0500014 0.0500049 0.143641 0.0500053 0.0500004 0.0500313 0.0500024 0.0657107 
0.0500003 0.0500359 0.416647 0.0500258 0.0500001 0.0778565 0.138777 0.0666522 0.0500017 0.0500042 
0.0666673 0.0534012 0.213265 0.05002 0.0500001 0.0500001 0.0500004 0.133323 0.0633915 0.269931 
0.0500004 0.0500007 0.0519413 0.233231 0.0503985 0.19996 0.0500243 0.214441 0.0500007 0.0500017 
0.0500007 0.066651 0.0500008 0.158854 0.0577739 0.0666684 0.100018 0.0500168 0.0575534 0.342463 
0.22284 0.0500004 0.0500005 0.0508566 0.299185 0.0500283 0.0500008 0.127086 0.0500011 0.0500007 
0.212892 0.05 0.0500009 0.0500026 0.0500511 0.213231 0.220097 0.0537229 0.050002 0.0500005 
0.0500037 0.0623047 0.253214 0.050003 0.0666627 0.0500008 0.0500003 0.0513739 0.0518149 0.314622 
0.0500007 0.200001 0.0500008 0.0500001 0.05 0.105719 0.0646787 0.0500027 0.309528 0.0700687 
0.0550445 0.0500003 0.0500014 0.0506588 0.266028 0.050004 0.0833358 0.294923 0.0500025 0.0500015 
0.0697339 0.0510213 0.0500925 0.0510626 0.241096 0.116806 0.267127 0.0522237 0.0504398 0.0503962 
0.0500228 0.0500001 0.0500024 0.0501348 0.283158 0.233335 0.0500016 0.0500111 0.133334 0.0500005 
0.0500003 0.0500001 0.0500124 0.05005 0.0500004 0.0500004 0.0602944 0.149949 0.373024 0.116669 
0.0513736 0.0541418 0.258104 0.0533688 0.185158 0.18595 0.0519507 0.0542175 0.0549445 0.0507911 
0.0500016 0.263774 0.0504542 0.166188 0.0500222 0.0504549 0.0500004 0.0500032 0.0500004 0.219102 
0.0500001 0.066669 0.0500105 0.193686 0.0515507 0.385267 0.0528103 0.050004 0.0500009 0.0500012 
0.0500004 0.227198 0.156136 0.0500001 0.05 0.0500039 0.266475 0.0500035 0.0501828 0.0500002 
0.0502022 0.0510398 0.214277 0.0502469 0.216188 0.0500093 0.0666257 0.0513312 0.20006 0.05002 
0.0500022 0.0516571 0.13301 0.0500058 0.0500001 0.0500005 0.0500015 0.0503119 0.0976571 0.417354 
0.0500003 0.0500019 0.0500049 0.19673 0.0568711 0.311792 0.0512417 0.0500159 0.133339 0.0500032 
0.0500009 0.050036 0.249958 0.183239 0.216748 0.0500026 0.0500002 0.0500077 0.0500006 0.0500071 
0.0503093 0.0926072 0.0501675 0.0516583 0.0501438 0.0503236 0.0505621 0.0573009 0.382428 0.164499 
0.0510714 0.050004 0.148073 0.199412 0.29943 0.0500935 0.0500011 0.0519117 0.0500011 0.0500021 
0.0500003 0.0500072 0.0500116 0.0511011 0.0500011 0.132216 0.267787 0.0500083 0.0659696 0.232897 
0.0500002 0.0500002 0.0500011 0.050014 0.05 0.248865 0.0677846 0.0500023 0.330607 0.0527253 
0.14259 0.0500001 0.0500004 0.0500656 0.0500003 0.0500001 0.0500003 0.357344 0.0500007 0.149999 
0.0505862 0.0534989 0.0504102 0.266559 0.0510507 0.137828 0.0513435 0.0512944 0.237266 0.0501628 
0.0666766 0.209437 0.366629 0.0501897 0.0502346 0.0501485 0.0500504 0.0564 0.050148 0.0500859 
0.0500006 0.0500007 0.0500078 0.0667277 0.0500151 0.0500067 0.272814 0.299937 0.060489 0.0500011 
0.0500007 0.203551 0.183312 0.0500052 0.05 0.05 0.0500009 0.250016 0.0500001 0.0631137 
0.050003 0.0524689 0.0500011 0.149924 0.0500684 0.0514769 0.115175 0.0500024 0.0500046 0.380876 
0.0500027 0.0500021 0.19961 0.0500039 0.0500001 0.306494 0.143503 0.0503835 0.0500002 0.0500004 
0.0500002 0.0999996 0.0500006 0.05 0.05 0.183334 0.0616129 0.0500101 0.35138 0.053663 
0.299957 0.216262 0.0500005 0.0500054 0.0500152 0.05 0.0500001 0.133356 0.0500001 0.0504038 
0.0500012 0.050505 0.0500002 0.0500005 0.05 0.0500002 0.0502964 0.050003 0.406585 0.192609 
0.0500053 0.335598 0.0500481 0.0500341 0.249931 0.0500058 0.0500013 0.0500167 0.0500007 0.0643591 
0.0666678 0.0500013 0.0500008 0.0654427 0.166701 0.190124 0.0610403 0.0500185 0.250003 0.0500005 
0.0500056 0.0500022 0.196252 0.0500068 0.0500002 0.262738 0.0539231 0.0537336 0.0500008 0.183337 
0.119467 0.0503284 0.291149 0.0501123 0.0504556 0.0505015 0.0510083 0.234574 0.0501252 0.0522785 
0.0510831 0.0500151 0.118461 0.0522392 0.0504596 0.319158 0.204856 0.0527496 0.0505163 0.050463 
0.126255 0.0500009 0.0500028 0.44965 0.0573618 0.0500078 0.0500004 0.0500464 0.0666724 0.0500028 
0.0500014 0.203691 0.0607919 0.24958 0.0505213 0.0502394 0.0500015 0.172183 0.0500008 0.0629905 
0.05 0.166667 0.05 0.05 0.05 0.05 0.0500011 0.0500002 0.333301 0.150031 
0.050445 0.330708 0.175249 0.050433 0.0511381 0.0514663 0.0502619 0.0548467 0.133474 0.0519771 
0.0500003 0.18416 0.0500008 0.0500002 0.0500001 0.150003 0.0666665 0.0500156 0.0836554 0.265498 
0.0518399 0.0675951 0.0510184 0.0781948 0.307161 0.0508717 0.241512 0.0516974 0.0500929 0.0500163 
0.248033 0.0510219 0.0500426 0.0505191 0.0503753 0.100228 0.050042 0.299287 0.0501387 0.0503129 
0.0500002 0.0500002 0.0509395 0.0500298 0.05 0.0500003 0.0500003 0.282372 0.0540383 0.31262 
