6041 10
nan nan nan nan nan nan nan nan nan nan
0.0615111 0.0593484 0.0766863 0.0511349 0.0557611 0.0750062 0.0738123 0.0556112 0.437872 0.0532566
0.0652746 0.0624002 0.0569864 0.0528395 0.0536764 0.421108 0.05551 0.0576635 0.053841 0.1207
0.0618306 0.0617799 0.061626 0.0561861 0.0706244 0.0596974 0.0554192 0.0607367 0.0629464 0.449153
0.147266 0.0553836 0.066487 0.0624547 0.0511839 0.0553384 0.0594487 0.140853 0.059844 0.30174
0.0535743 0.0562048 0.0802359 0.0533905 0.0547477 0.0541329 0.476363 0.0601493 0.0545595 0.0566418
0.0591076 0.0589739 0.0627418 0.0521334 0.0580199 0.162072 0.0589047 0.0527624 0.377735 0.0575486
0.0521664 0.0577628 0.0559249 0.0608524 0.0503562 0.0512449 0.0495774 0.0661372 0.0519458 0.504032
0.0547141 0.184126 0.306533 0.0575782 0.0544617 0.0770262 0.0898996 0.0575441 0.0535699 0.0645469
0.0525504 0.0666867 0.498475 0.0515557 0.0534989 0.0587328 0.0537308 0.054435 0.0532393 0.0570954
0.0718567 0.0622718 0.0644295 0.0647796 0.116958 0.112331 0.0580075 0.0874843 0.290083 0.0717977
0.0565242 0.0658061 0.103983 0.0551975 0.40326 0.0662985 0.0835527 0.0551264 0.0560547 0.0541971
0.281215 0.124639 0.122023 0.0733333 0.0647847 0.061391 0.0769825 0.0769181 0.0543422 0.0643707
0.0574768 0.0594602 0.0633646 0.0693144 0.0535521 0.058104 0.0552005 0.288628 0.0820101 0.212889
0.0909915 0.0534913 0.480121 0.0504244 0.0498225 0.0554605 0.069644 0.0520745 0.0479144 0.0500561
0.0501855 0.541478 0.0518056 0.0506378 0.0510076 0.0509083 0.0503653 0.0510838 0.0512978 0.0512301
0.0498808 0.0538005 0.464782 0.0544024 0.0686911 0.0600771 0.0512307 0.0633084 0.072961 0.0608664
0.0525332 0.0551685 0.0561144 0.0507352 0.0506961 0.0517832 0.0559137 0.525645 0.0504017 0.0510093
0.0666656 0.0753225 0.0789942 0.0653515 0.0631542 0.0960488 0.0684843 0.0817517 0.298312 0.105915
0.055148 0.0532846 0.069565 0.164587 0.0559679 0.0553799 0.0539747 0.0608304 0.0787435 0.352519
0.0581866 0.0977496 0.153724 0.0769129 0.0865125 0.0582494 0.0602431 0.21191 0.0605323 0.13598
0.0542295 0.0616721 0.0716129 0.0671453 0.132747 0.0542334 0.0555009 0.166349 0.256248 0.0802614
0.0552723 0.0824238 0.0603179 0.0861242 0.353932 0.0535492 0.0538316 0.0850838 0.0582269 0.111239
0.0559895 0.0598364 0.0589249 0.0609552 0.0536965 0.0552774 0.0582999 0.490463 0.051988 0.0545693
0.0620057 0.0553551 0.0755998 0.0546119 0.0660072 0.449937 0.057427 0.0585729 0.0585753 0.0619085
0.0513948 0.053805 0.0610426 0.0520075 0.0552014 0.052688 0.0513605 0.510498 0.0552874 0.056715
0.0526068 0.0768625 0.0529343 0.0564509 0.422733 0.113644 0.0530113 0.0540971 0.0575474 0.0601127
0.518147 0.0519997 0.0554636 0.0530994 0.0519434 0.0528013 0.0530837 0.0555304 0.0543551 0.0535764
0.285324 0.0612402 0.154283 0.0631063 0.0641156 0.0852273 0.0878554 0.0751105 0.065245 0.0584922
0.0635041 0.0577969 0.0557961 0.0581335 0.0511145 0.0534557 0.052972 0.0672125 0.0528908 0.487124
0.0656693 0.0606758 0.22124 0.0621918 0.055556 0.0717782 0.29313 0.0603187 0.0536441 0.0557959
0.169378 0.0542089 0.0560935 0.0554079 0.340219 0.0746987 0.0551811 0.0596019 0.0742708 0.0609398
0.0756819 0.0761489 0.231658 0.0542544 0.0609548 0.183701 0.13441 0.0639766 0.0616293 0.0575851
0.466808 0.0707364 0.0578732 0.0665443 0.051441 0.0584703 0.0560397 0.0578758 0.0544736 0.0597374
0.0526943 0.0539137 0.0581807 0.0565665 0.140103 0.42347 0.0520624 0.053119 0.0568649 0.0530253
0.514626 0.0515378 0.0516148 0.0504779 0.0535614 0.0659601 0.0538303 0.0508876 0.0560674 0.0514369
0.0811591 0.124546 0.122368 0.0714426 0.0969853 0.0940595 0.101306 0.108848 0.0717434 0.127542
0.0537187 0.0539832 0.0547657 0.0623126 0.0555728 0.498742 0.0504637 0.0528048 0.0632111 0.0544255
0.0498254 0.0531507 0.0522506 0.0499306 0.0528249 0.531829 0.0503043 0.049767 0.0596867 0.0504309
0.0503254 0.0537854 0.52748 0.0501138 0.0641158 0.0504799 0.0507613 0.0518388 0.0503954 0.0507042
0.109143 0.0578849 0.0553291 0.0633977 0.0556342 0.0602721 0.0532189 0.129775 0.140759 0.274585
0.0544138 0.081544 0.114028 0.0902442 0.0638818 0.143365 0.0623663 0.177722 0.147489 0.0649463
0.0501647 0.0514878 0.0502376 0.0505884 0.0508281 0.0502274 0.0498956 0.536749 0.0504624 0.0593584
0.0536738 0.0601666 0.435705 0.0496751 0.0954761 0.0814287 0.0536937 0.0544296 0.0613099 0.0544414
0.0582469 0.054941 0.0587667 0.0661263 0.0539475 0.0645456 0.0533404 0.0915518 0.432535 0.0659985
0.0499903 0.0497192 0.049896 0.0499837 0.0505527 0.549955 0.0501423 0.0498396 0.0502193 0.0497016
0.0487698 0.0501887 0.0503547 0.54981 0.0487874 0.0485736 0.0573249 0.0489946 0.0485579 0.0486382
0.172327 0.0479128 0.3525 0.0439714 0.0451656 0.0946141 0.10075 0.0465318 0.0490674 0.0471594
0.0728167 0.0923266 0.072515 0.0681084 0.155413 0.0883789 0.0593849 0.0969015 0.145871 0.148284
0.0787188 0.0600873 0.0711434 0.0581386 0.0535853 0.0557124 0.0773309 0.0874177 0.0850086 0.372857
0.0639646 0.0800458 0.257368 0.134775 0.0670345 0.117249 0.0764371 0.0620084 0.0730998 0.0680177
0.0552095 0.0613957 0.407955 0.0786435 0.100919 0.0622186 0.0575245 0.0549747 0.066812 0.0543478
0.0503145 0.0588695 0.0562153 0.0545509 0.0525049 0.0515814 0.0511234 0.0518002 0.0501932 0.522847
0.0685153 0.111624 0.0833212 0.125952 0.0618396 0.0817861 0.218471 0.0964111 0.0804623 0.0716168
0.476232 0.0526836 0.0599157 0.0517229 0.0628193 0.0620286 0.0597107 0.056012 0.0658235 0.053052
0.0556995 0.0720139 0.39727 0.0513245 0.0525872 0.0735169 0.0532374 0.0614182 0.118609 0.0643231
0.0545052 0.0681102 0.491946 0.0514628 0.0558897 0.0584636 0.0598308 0.051399 0.0535151 0.0548781
0.0631066 0.0614992 0.320234 0.102605 0.0671479 0.0574692 0.0799257 0.0835179 0.102527 0.061968
0.0855057 0.0692251 0.0892289 0.0793306 0.0646191 0.071075 0.0724209 0.312937 0.0718661 0.083792
0.535032 0.0508035 0.0520726 0.0511314 0.0505192 0.0543432 0.0518685 0.0512442 0.0521943 0.0507911
0.0584104 0.259355 0.0798069 0.0605117 0.0826152 0.0750556 0.0621289 0.0864912 0.121849 0.113776
0.052435 0.1214 0.34614 0.0614686 0.0903335 0.0605603 0.0576327 0.0629405 0.0671359 0.0799538
0.185341 0.0969726 0.0684684 0.0654585 0.0741235 0.183492 0.106204 0.0769435 0.0777112 0.0652853
0.0592841 0.0526582 0.514382 0.0553211 0.054018 0.0533199 0.0542371 0.0530421 0.0519448 0.0517923
0.0557839 0.0793252 0.137508 0.166987 0.0967868 0.0629759 0.0571652 0.104214 0.0752939 0.16396
0.0522609 0.0590566 0.0555691 0.0505869 0.0534392 0.0588581 0.0515606 0.0518305 0.0551992 0.511639
0.0760643 0.0685963 0.250148 0.0636998 0.182304 0.0645787 0.0556292 0.0792853 0.0795872 0.0801079
0.498148 0.0529185 0.0557109 0.053753 0.0510028 0.0689634 0.0567234 0.0519921 0.0587463 0.0520418
0.128871 0.0571561 0.215449 0.0569542 0.075502 0.0888633 0.170379 0.0698676 0.0781039 0.058854
0.0539277 0.0648854 0.0668152 0.0516753 0.0526397 0.0631083 0.486984 0.0548134 0.0521854 0.0529652
0.0517459 0.0616216 0.511787 0.0524039 0.0538663 0.0550005 0.0520943 0.0534029 0.0543086 0.0537693
0.0558384 0.0621685 0.379341 0.060372 0.0696124 0.0532349 0.052889 0.0815306 0.0602474 0.124766
0.0672367 0.0710593 0.122129 0.0530412 0.0766375 0.3282 0.0907498 0.0659725 0.0605897 0.0643839
0.0506012 0.0518509 0.0524506 0.0536598 0.0549584 0.0513896 0.0506416 0.0671039 0.0522439 0.5151
0.474478 0.0592236 0.0759922 0.0513462 0.0525709 0.0590922 0.0699849 0.0532994 0.0529156 0.051097
0.0500678 0.0501936 0.0502636 0.050127 0.050573 0.0501629 0.0500597 0.0504139 0.547885 0.0502537
0.0509221 0.0517082 0.539134 0.0499012 0.0504914 0.0523473 0.0537418 0.0508177 0.0502314 0.0507053
0.0507092 0.0515788 0.54302 0.0486958 0.0520436 0.0512816 0.0560259 0.0494365 0.0490932 0.0481159
0.0561532 0.0536969 0.060294 0.051603 0.0671274 0.0791269 0.343391 0.0528348 0.183802 0.0519701
0.0985337 0.0976946 0.229418 0.108904 0.0605653 0.0803339 0.0781682 0.0802859 0.0807134 0.0853825
0.060842 0.0889123 0.133808 0.0539161 0.0633649 0.249632 0.0586937 0.0756689 0.135231 0.0799309
0.536651 0.050982 0.0538003 0.051986 0.0513123 0.0500398 0.0510323 0.0524991 0.0504364 0.051261
0.0500235 0.539816 0.0518615 0.0510723 0.0503938 0.0513101 0.0499688 0.0529964 0.0503068 0.0522504
0.0547804 0.0552033 0.280919 0.058958 0.0595027 0.0643489 0.0553823 0.0845152 0.224559 0.0618311
0.0560073 0.091682 0.0839965 0.0562525 0.0580482 0.0520312 0.05072 0.419713 0.0541834 0.0773657
0.0531453 0.0628692 0.455828 0.0742261 0.0610888 0.0599258 0.0567513 0.0550481 0.0606468 0.060471
0.0712463 0.0619276 0.0668641 0.0640782 0.0583137 0.0812164 0.0565266 0.0659568 0.406391 0.0674798
0.0556835 0.0560589 0.0581922 0.0534813 0.0564129 0.0557777 0.0630335 0.0628415 0.0599408 0.478578
0.513036 0.0520694 0.0571028 0.0504726 0.0535592 0.0638039 0.0562952 0.0519114 0.0509217 0.0508282
0.11913 0.0866698 0.186346 0.0526442 0.150014 0.102154 0.0561947 0.0609564 0.057429 0.128462
0.0553443 0.396176 0.0661607 0.0597932 0.119733 0.0571305 0.055253 0.0615301 0.0559466 0.0729329
0.398162 0.0583621 0.0857857 0.0597344 0.0833957 0.071523 0.0688989 0.0585213 0.0572321 0.0583849
0.0502659 0.0514614 0.0516028 0.0511611 0.0510558 0.0506298 0.0503486 0.0516358 0.539382 0.0524567
0.0502524 0.0503313 0.0504005 0.0503798 0.0503309 0.0502673 0.0501236 0.0514218 0.0522261 0.544266
0.0517728 0.0497053 0.0510735 0.52525 0.0512419 0.0502769 0.0514795 0.0574102 0.0608756 0.0509146
0.0582678 0.0731008 0.255414 0.0525532 0.0655764 0.0639027 0.0727372 0.0597523 0.0543262 0.244369
0.0706857 0.0874992 0.286589 0.0544722 0.0631152 0.146777 0.0639358 0.0672826 0.086487 0.0731561
0.549118 0.0499778 0.0501705 0.0500837 0.0499394 0.0501654 0.0502418 0.0500687 0.0502626 0.0499723
0.189643 0.063129 0.163381 0.0706747 0.0667172 0.0910443 0.0579322 0.10364 0.0768495 0.116989
0.0668436 0.0671821 0.390782 0.0564062 0.0823779 0.0672734 0.0689204 0.0574104 0.0861773 0.0566262
0.0746892 0.0639745 0.0786042 0.058189 0.0572369 0.0662867 0.0672265 0.0840172 0.064525 0.385251
0.049448 0.0498034 0.0495316 0.049653 0.0498889 0.0496693 0.0493623 0.0504582 0.0502501 0.551935
0.331005 0.0600084 0.165372 0.053833 0.0679672 0.066703 0.0675284 0.0639042 0.0608177 0.0628617
0.0508263 0.0506186 0.0507761 0.0516898 0.0506369 0.0503869 0.0504486 0.0517549 0.0515801 0.541282
0.0592122 0.064127 0.469776 0.0570775 0.0580867 0.0549661 0.0585799 0.0598039 0.0563983 0.061972
0.0633731 0.0547217 0.0570659 0.0610356 0.0515159 0.0542974 0.0542506 0.0925581 0.0545348 0.456647
0.0584984 0.0510218 0.0542519 0.0515905 0.0540563 0.510889 0.0550541 0.0542078 0.0587602 0.0516697
0.530035 0.0520887 0.0508096 0.0517753 0.0543917 0.0512305 0.0511148 0.0515619 0.0544771 0.0525158
0.0723466 0.0675609 0.140954 0.183793 0.0799849 0.0690687 0.120404 0.0851066 0.0678608 0.112921
0.0602812 0.0512512 0.0525976 0.0512803 0.0564183 0.057282 0.0521085 0.0660483 0.497419 0.055314
0.0539902 0.43336 0.0972154 0.0641339 0.0616178 0.0546596 0.0569683 0.0582184 0.0539313 0.0659047
0.0550458 0.070416 0.0934945 0.051852 0.0632246 0.427465 0.0665142 0.0601298 0.0541716 0.0576861
0.207995 0.0524505 0.0593364 0.0582822 0.0531762 0.0534299 0.0573252 0.0591302 0.346669 0.0522053
0.0510619 0.0803332 0.175091 0.0938639 0.0613638 0.0629422 0.0530742 0.279393 0.060245 0.0826319
0.054034 0.0507753 0.0557462 0.0507886 0.0511205 0.0520701 0.0528754 0.0522818 0.530107 0.0502015
0.0603127 0.0813956 0.176332 0.199147 0.0664435 0.0609824 0.062851 0.120049 0.0731987 0.0992886
0.0550898 0.0692665 0.194129 0.159884 0.0657142 0.0584915 0.0570041 0.171596 0.075367 0.0934581
0.0625873 0.0626698 0.0608565 0.203483 0.0614854 0.0598756 0.0575532 0.174338 0.0900992 0.167052
0.0615461 0.0548123 0.0571059 0.0512739 0.0572582 0.0817487 0.0527422 0.0719421 0.0546135 0.456957
0.0500403 0.0513528 0.0564986 0.0515925 0.0555731 0.0517048 0.0511993 0.0512546 0.529612 0.0511719
0.344124 0.0637275 0.147741 0.0704939 0.0621711 0.0587943 0.0733323 0.0647253 0.0543822 0.0605078
0.0512392 0.0523774 0.051933 0.0819922 0.0559033 0.0512091 0.0508888 0.496729 0.0540857 0.0536418
0.0551238 0.0558602 0.0655936 0.0516716 0.0536863 0.0515011 0.0506105 0.0606373 0.0520163 0.503299
0.0921923 0.287137 0.0751018 0.0962759 0.0730959 0.0852992 0.0679485 0.0639603 0.0653092 0.0936797
0.0628377 0.175785 0.139938 0.0505474 0.0561805 0.111385 0.216895 0.053952 0.0689037 0.0635754
0.0652915 0.061118 0.0574416 0.0586476 0.0539556 0.0538814 0.0549041 0.0623731 0.0540772 0.47831
0.0912848 0.0564092 0.065826 0.0549908 0.0584607 0.165265 0.297956 0.0627345 0.0710348 0.0760388
0.0634877 0.0979124 0.126966 0.0619633 0.0585615 0.0636492 0.0760635 0.235865 0.0645339 0.150998
0.188361 0.0587764 0.0782557 0.0966053 0.0789939 0.0973134 0.0760235 0.110302 0.131402 0.083967
0.0604915 0.391362 0.0593403 0.056428 0.0533039 0.0523788 0.0538347 0.0667458 0.0528893 0.153225
0.050591 0.0502642 0.0503108 0.050464 0.050309 0.0505789 0.0500895 0.051119 0.0506964 0.545577
0.0553428 0.0544959 0.0640317 0.0542792 0.052771 0.0548769 0.497598 0.0578112 0.0540004 0.0547932
0.0519989 0.0508303 0.053931 0.0517066 0.532742 0.0522242 0.0520632 0.0514707 0.0521659 0.0508669
0.0537931 0.328694 0.0907021 0.0580175 0.0593534 0.179009 0.0651194 0.053251 0.0574262 0.0546343
0.052802 0.0663601 0.0692292 0.0533298 0.0580959 0.0548957 0.0546584 0.0739993 0.0564049 0.460225
0.0518461 0.0505872 0.525999 0.0556774 0.0548193 0.0515999 0.0516137 0.0517105 0.0559227 0.0502243
0.0588887 0.0561738 0.057758 0.0661817 0.0686963 0.0608157 0.392622 0.0619841 0.122324 0.0545558
0.0537302 0.0875612 0.1534 0.0631346 0.0567482 0.140279 0.0576819 0.0625798 0.0600854 0.264799
0.118396 0.0892255 0.134968 0.0582495 0.0546051 0.0557314 0.294753 0.0725671 0.055348 0.0661561
0.0731721 0.0547558 0.0667928 0.0762921 0.0547123 0.0555596 0.0697254 0.374901 0.114842 0.0592464
0.458083 0.0562915 0.0730187 0.0538697 0.0560021 0.0647044 0.0617955 0.0591439 0.0572842 0.0598067
0.376385 0.0720332 0.0742458 0.0580711 0.0554576 0.109081 0.0613648 0.0667512 0.0605393 0.0660711
0.0594388 0.0586553 0.454838 0.0515418 0.0566403 0.0583541 0.0578525 0.0693713 0.0755564 0.0577512
0.0557197 0.079476 0.300152 0.0537178 0.0674687 0.105518 0.0592507 0.0592412 0.0568976 0.162559
0.0552577 0.0838902 0.348632 0.0566238 0.0586633 0.0683893 0.0583538 0.135769 0.0622569 0.0721639
0.0533375 0.056591 0.472177 0.0543839 0.0602234 0.0561203 0.0600571 0.0660984 0.0645566 0.0564541
0.239492 0.0625891 0.0761718 0.0628392 0.0645112 0.129867 0.0840274 0.0742118 0.140448 0.0658419
0.0523636 0.0661941 0.0604952 0.0518144 0.0526027 0.0587688 0.0528096 0.0555797 0.0533412 0.496031
0.0626201 0.0855575 0.0596605 0.0684839 0.0765764 0.0872279 0.0560721 0.0781212 0.133553 0.292127
0.0826845 0.134672 0.108223 0.0620551 0.0621568 0.0715859 0.238793 0.0758557 0.0581804 0.105793
0.0655194 0.0526704 0.405271 0.0582763 0.0532724 0.123615 0.0813236 0.0533852 0.0549629 0.0517031
0.0670702 0.0816683 0.117147 0.0652196 0.104157 0.199257 0.107137 0.121415 0.0628067 0.0741221
0.0758778 0.0726019 0.215587 0.0867186 0.183995 0.0650369 0.053436 0.0668605 0.0605575 0.119328
0.0519702 0.0642216 0.373274 0.0764509 0.15372 0.0541907 0.0542052 0.0560591 0.0608449 0.0550633
0.0825443 0.0573238 0.440368 0.0681513 0.0569517 0.0552744 0.0610271 0.0618441 0.0577749 0.0587403
0.142253 0.0598601 0.0627602 0.0533766 0.354311 0.0695822 0.0761025 0.0655875 0.0600407 0.0561265
0.0507275 0.0525802 0.0519788 0.050879 0.050967 0.540208 0.0503775 0.0503415 0.0506635 0.0512768
0.12156 0.0951892 0.0890435 0.06775 0.0974499 0.0884202 0.123652 0.117553 0.0753494 0.124033
0.245971 0.0733364 0.0671909 0.106075 0.0540975 0.0906288 0.0832574 0.0562045 0.151421 0.0718173
0.0521468 0.0531796 0.523317 0.0503978 0.0550084 0.0546127 0.0519698 0.0525409 0.0533314 0.0534952
0.0543571 0.0610995 0.201357 0.0601908 0.0531986 0.1678 0.0515716 0.204545 0.0738608 0.0720202
0.132751 0.0631765 0.0956237 0.0576134 0.0566986 0.0856336 0.326596 0.0636922 0.062719 0.055496
0.0514002 0.057755 0.0777304 0.0533001 0.0648688 0.0611991 0.0529939 0.0543291 0.0757137 0.45071
0.0524986 0.0941632 0.0988749 0.175822 0.0775939 0.088398 0.0632357 0.0588177 0.0594445 0.231152
0.284684 0.0573678 0.0745479 0.0487923 0.064165 0.221984 0.0581242 0.0547715 0.077276 0.0582877
0.0595321 0.0526887 0.0557787 0.490078 0.0527565 0.0516491 0.0531261 0.0778034 0.0528785 0.0537087
0.0844651 0.0899972 0.0941588 0.0951749 0.121219 0.082967 0.143822 0.107652 0.106098 0.0744462
0.0538575 0.190085 0.273324 0.0651951 0.0667406 0.0939175 0.0626315 0.0553262 0.062948 0.0759742
0.0919406 0.0774211 0.125056 0.0585088 0.144244 0.0738479 0.0908516 0.151474 0.110823 0.0758337
0.102052 0.115972 0.0982471 0.0783957 0.123221 0.0917185 0.0762309 0.0988782 0.0836871 0.131598
0.0870429 0.055687 0.0750841 0.0598883 0.0521256 0.0552655 0.0561952 0.447213 0.0546514 0.0568469
0.0910418 0.0684805 0.0887207 0.0572835 0.0589499 0.0645914 0.367225 0.0690884 0.0712125 0.0634058
0.455864 0.0569716 0.0546744 0.0492364 0.110855 0.0544576 0.0627293 0.0518621 0.0538033 0.0495457
0.386439 0.062512 0.074256 0.058303 0.0542801 0.0640278 0.114143 0.0668666 0.0608116 0.058361
0.052209 0.0525907 0.0525187 0.0526865 0.0521002 0.0517822 0.0509224 0.0564816 0.0536195 0.525089
0.0883078 0.0810714 0.115979 0.070728 0.078805 0.134836 0.198491 0.0750869 0.0966915 0.0600037
0.0512672 0.0509651 0.0512249 0.0510331 0.533938 0.0526913 0.0512479 0.0522637 0.0534828 0.0518861
0.0837999 0.0609387 0.0915925 0.0546523 0.0527902 0.0666016 0.0635311 0.40842 0.0590287 0.0586451
0.0580469 0.0515719 0.0526992 0.0504348 0.0515741 0.0626198 0.0560975 0.0530464 0.511024 0.0528856
0.0697447 0.0683439 0.0574222 0.0583113 0.0719566 0.11117 0.0747718 0.359504 0.0648658 0.0639088
0.0893197 0.0905419 0.158326 0.0537731 0.0576064 0.0645215 0.320269 0.0559889 0.0540884 0.055565
0.0563224 0.100679 0.0796644 0.0559923 0.0723687 0.0566927 0.0585982 0.0621778 0.0543665 0.403138
0.0524772 0.060776 0.487611 0.0523014 0.0668965 0.0591779 0.0532205 0.0538474 0.0541125 0.0595798
0.501962 0.0540556 0.0537445 0.0526763 0.0550251 0.0563005 0.0544781 0.0534247 0.0653257 0.053007
0.0542916 0.0533552 0.0569135 0.0513085 0.0510473 0.055095 0.0542267 0.0535793 0.515347 0.0548363
0.0514312 0.0558 0.0536895 0.0530075 0.0519308 0.0523047 0.0507044 0.0563683 0.0523678 0.522396
0.0520179 0.0515917 0.411867 0.0542839 0.0528472 0.0516728 0.0511794 0.0571249 0.164298 0.0531181
0.0575029 0.0798141 0.0848812 0.0582684 0.0648119 0.116382 0.36593 0.0556784 0.0618909 0.0548397
0.0890325 0.0606688 0.398232 0.0652932 0.0581233 0.0551736 0.0638809 0.0780467 0.0559863 0.075563
0.0523224 0.0914254 0.338409 0.0969752 0.0704227 0.0539399 0.0537571 0.0567328 0.0550417 0.130974
0.201227 0.0811068 0.117799 0.131296 0.0745025 0.0695328 0.0801434 0.0744394 0.106135 0.0638187
0.0529546 0.232206 0.0805573 0.0570749 0.283987 0.0569445 0.054547 0.0560618 0.0592823 0.0663847
0.0639643 0.160684 0.111149 0.0721891 0.0771724 0.100105 0.0716875 0.0810638 0.0775261 0.184459
0.527017 0.0504482 0.0519017 0.0501798 0.0517666 0.0516876 0.0642421 0.0507469 0.0517276 0.0502824
0.0518377 0.0537881 0.058899 0.0518459 0.495462 0.0628397 0.0522509 0.0520813 0.0687362 0.0522589
0.0778037 0.0821388 0.0792822 0.143322 0.108671 0.0753618 0.144256 0.099087 0.105484 0.0845932
0.14456 0.0701888 0.335107 0.0565998 0.0567137 0.0652385 0.0876107 0.0719902 0.0547188 0.0572731
0.0611717 0.0637368 0.385581 0.0527137 0.0602322 0.116622 0.0822578 0.0602603 0.0558163 0.0616087
0.0642305 0.0930229 0.076448 0.0681175 0.140752 0.0785895 0.0582124 0.101295 0.171341 0.147991
0.0622892 0.115506 0.0728653 0.0926837 0.0885633 0.128535 0.0666295 0.0873225 0.0697958 0.215809
0.0492833 0.0694341 0.405572 0.0601513 0.0806509 0.0840825 0.0536565 0.0505585 0.0728545 0.0737567
0.0520461 0.058331 0.0573577 0.0509811 0.054872 0.515847 0.056089 0.0512639 0.0509802 0.0522321
0.0613272 0.163435 0.0770312 0.123642 0.163213 0.0970232 0.0605602 0.0683092 0.0764439 0.109015
0.0512982 0.289597 0.0657838 0.0637319 0.0564813 0.250556 0.0579524 0.0551541 0.0559567 0.0534878
0.0652326 0.113792 0.0733133 0.070402 0.0851198 0.0928305 0.06116 0.0796009 0.117887 0.240662
0.539076 0.0505749 0.0514405 0.0508906 0.0502784 0.0501827 0.0511118 0.0539702 0.0500717 0.0524034
0.0601934 0.0605784 0.0688113 0.124887 0.0699279 0.0834371 0.0609269 0.340615 0.0655398 0.0650836
0.0638105 0.0754605 0.203474 0.160269 0.0710975 0.066325 0.0597915 0.104362 0.062118 0.133292
0.377376 0.0642234 0.0838338 0.105394 0.0551225 0.061392 0.0635926 0.0702586 0.0548833 0.0639244
0.0450716 0.0522799 0.486641 0.0481443 0.0659454 0.0983769 0.0493178 0.0468608 0.055554 0.0518084
0.0501024 0.0511018 0.0503043 0.0505423 0.0505892 0.0503655 0.0503796 0.0504852 0.0505711 0.545558
0.0549943 0.0918673 0.179176 0.251763 0.0582269 0.0778449 0.0540824 0.0852788 0.0695606 0.0772064
0.0650082 0.0733385 0.0659756 0.0533093 0.137 0.0824819 0.065175 0.0574586 0.0640022 0.33625
0.0581133 0.0663753 0.118269 0.0534261 0.102451 0.313939 0.0538632 0.062624 0.0924627 0.0784762
0.0576025 0.0517623 0.0560892 0.0528362 0.513865 0.0522841 0.0558954 0.0568137 0.0514426 0.0514093
0.0604003 0.0748078 0.0624892 0.0554349 0.0566283 0.0649346 0.0556423 0.437801 0.0612318 0.0706304
0.10036 0.0673271 0.0670788 0.0659554 0.258433 0.147747 0.0807174 0.0681408 0.0801933 0.0640475
0.0685504 0.0784395 0.302358 0.0558994 0.103117 0.0733444 0.0586927 0.0990308 0.0725299 0.0880369
0.0526762 0.0529341 0.522439 0.0530075 0.0533062 0.0531261 0.0522372 0.0540759 0.0529107 0.0532875
0.0556931 0.063517 0.411381 0.0655059 0.0899815 0.0630816 0.0621819 0.0651223 0.0634803 0.0600556
0.0853939 0.0718095 0.17364 0.0586809 0.0606911 0.0702611 0.282411 0.0774294 0.0575318 0.0621507
0.0597635 0.293182 0.092615 0.141356 0.0545318 0.076196 0.0975296 0.068316 0.0550873 0.0614224
0.0561356 0.061112 0.0690762 0.0529411 0.0568922 0.0579363 0.0580428 0.466728 0.0577211 0.0634146
0.0509091 0.073763 0.0545644 0.0555243 0.399632 0.0642325 0.0509999 0.0557405 0.0795444 0.11509
0.0621431 0.0565099 0.107704 0.0535219 0.0621609 0.425381 0.0586123 0.0624278 0.0561623 0.0553774
0.0689491 0.0783969 0.0985517 0.065582 0.0629543 0.0672833 0.380791 0.0637315 0.0548281 0.0589319
0.106929 0.0540349 0.0703259 0.0532953 0.0742203 0.377039 0.0691397 0.0677089 0.0635323 0.0637748
0.0508914 0.0535004 0.531014 0.0527693 0.0508909 0.048925 0.0528663 0.0583805 0.0500074 0.0507547
0.0508273 0.0584188 0.466724 0.0739784 0.054605 0.051536 0.0531222 0.0713294 0.0555145 0.0639445
0.0505567 0.0562179 0.515288 0.0541215 0.0521986 0.0541388 0.0523442 0.0570799 0.0545234 0.0535307
0.093972 0.0611266 0.0723228 0.0558006 0.0610629 0.257805 0.0902388 0.183661 0.0595233 0.0644876
0.0663849 0.0557621 0.0673157 0.0807069 0.0628116 0.0682491 0.0569581 0.415127 0.069468 0.0572164
0.0576554 0.0543074 0.424287 0.0590991 0.0940638 0.0590799 0.0789779 0.0593414 0.0556762 0.0575123
0.0611783 0.0562807 0.0686044 0.0501086 0.0521409 0.0881552 0.0572018 0.051859 0.459807 0.0546647
0.0801539 0.0981506 0.0824679 0.0706203 0.0501749 0.362898 0.0715498 0.0655664 0.0563587 0.0620589
0.144708 0.0571519 0.0739847 0.0647534 0.0593527 0.0704851 0.331875 0.0681299 0.0703916 0.0591677
0.123317 0.0679038 0.107684 0.0669084 0.0578314 0.0812881 0.0655552 0.282848 0.0684907 0.0781733
0.0537772 0.0661738 0.0614939 0.0539888 0.411078 0.0864084 0.0530344 0.0582257 0.0594471 0.0963732
0.0506276 0.0503197 0.0502709 0.0500124 0.0500106 0.050409 0.547753 0.050278 0.0501833 0.0501356
0.103189 0.0602941 0.237097 0.0528189 0.0575399 0.199785 0.0974993 0.0702921 0.0616526 0.059833
0.081751 0.0855148 0.0760195 0.0739719 0.0603989 0.0738698 0.0643602 0.314629 0.064225 0.10526
0.101364 0.0630653 0.0595412 0.0544861 0.0536388 0.0568211 0.0640721 0.424947 0.0532724 0.0687929
0.0554434 0.0611959 0.0612165 0.055442 0.35451 0.0570569 0.0578767 0.16382 0.0557814 0.0776574
0.0967279 0.0605112 0.196583 0.0553164 0.192098 0.127498 0.073645 0.0702752 0.0692618 0.0580837
0.0618119 0.0557378 0.0639967 0.0553983 0.0539429 0.46062 0.0533208 0.0754951 0.0553563 0.0643199
0.12235 0.0824119 0.0666363 0.162889 0.0905039 0.0748092 0.0664603 0.119077 0.0924381 0.122425
0.0672542 0.0594766 0.0884697 0.0572399 0.233039 0.0727087 0.0611269 0.0711897 0.224516 0.0649798
0.159643 0.0974774 0.189475 0.055114 0.0551338 0.132463 0.124262 0.058546 0.0675825 0.0603037
0.0552396 0.0600121 0.0752731 0.118987 0.0543626 0.0559215 0.0505805 0.0752106 0.0553337 0.39908
0.0626154 0.10183 0.207613 0.054968 0.0970767 0.154295 0.0592144 0.0669143 0.0728243 0.122649
0.0581669 0.144181 0.0846231 0.141375 0.0733161 0.0566547 0.0595169 0.0802167 0.060892 0.241057
0.0687848 0.0738188 0.0681262 0.05971 0.0717418 0.102566 0.0637591 0.0827082 0.08541 0.323375
0.0540325 0.063418 0.0678077 0.0614928 0.0925366 0.052255 0.0575533 0.0673355 0.0525887 0.43098
0.0688213 0.0642298 0.337044 0.0548319 0.057265 0.0613207 0.177114 0.0551757 0.0575321 0.0666653
0.0548914 0.053625 0.0663215 0.471374 0.0576878 0.0559879 0.0496211 0.062969 0.0647295 0.0627927
0.0573061 0.111123 0.0640454 0.0727008 0.108106 0.0708256 0.0563672 0.18574 0.0587457 0.21504
0.0991794 0.0710327 0.0542317 0.0546004 0.0511038 0.0536252 0.0570263 0.0612649 0.0531704 0.444765
0.0557803 0.293037 0.168412 0.060043 0.0744128 0.0634902 0.0556203 0.093658 0.0606529 0.0748935
0.0547199 0.480172 0.064143 0.0513889 0.0546498 0.0577927 0.052373 0.0617689 0.0549723 0.0680196
0.0530328 0.0549703 0.527527 0.0531161 0.0507577 0.0518657 0.0533837 0.0517761 0.0507538 0.0528167
0.0497669 0.0502041 0.0500393 0.0503975 0.0501139 0.0499015 0.0497667 0.0505925 0.0500305 0.549187
0.0739408 0.292036 0.0804752 0.0635078 0.0842787 0.0864116 0.0801512 0.0910816 0.078192 0.0699255
0.0501398 0.0505097 0.0503274 0.0528354 0.0513189 0.0504793 0.0501454 0.534953 0.056942 0.0523495
0.0690855 0.0629534 0.151655 0.0566199 0.0820978 0.0922882 0.0736849 0.262114 0.064296 0.0852057
0.0552763 0.0572041 0.0537425 0.0561753 0.0635115 0.0628756 0.0520181 0.0699339 0.453978 0.075285
0.149197 0.0551317 0.0647752 0.0514491 0.0535516 0.071755 0.0602455 0.0534884 0.388223 0.052183
0.464687 0.0558768 0.0748745 0.0517332 0.0561253 0.0674495 0.0560432 0.0605982 0.0576554 0.0549562
0.0620425 0.0856897 0.144717 0.054585 0.080724 0.197439 0.154726 0.0613157 0.073812 0.0849483
0.0501786 0.061004 0.0513151 0.0519389 0.0738049 0.495863 0.0503698 0.0513187 0.0536921 0.0605146
0.069374 0.0682974 0.22096 0.0538222 0.0764761 0.0728629 0.245358 0.058054 0.0679903 0.0668052
0.450793 0.0618894 0.069829 0.0537545 0.0568392 0.057784 0.0535694 0.0577214 0.0656009 0.072219
0.0669544 0.0698243 0.0744508 0.0668475 0.127957 0.075377 0.0578501 0.0903127 0.266505 0.103921
0.0664883 0.193288 0.11558 0.0762132 0.0797291 0.0650787 0.0636242 0.100071 0.0794546 0.160472
0.0525797 0.0654668 0.0671203 0.0562731 0.0955613 0.0696527 0.0520651 0.0599232 0.081928 0.39943
0.0555345 0.0508275 0.534052 0.0506575 0.0514616 0.0515465 0.0509485 0.0526558 0.05125 0.0510658
0.0751623 0.0615115 0.0701437 0.0620814 0.0612763 0.368011 0.0665979 0.110736 0.0592269 0.0652529
0.237883 0.0771096 0.115902 0.126612 0.0632328 0.0756262 0.073205 0.0798789 0.0731981 0.0773534
0.0532535 0.0619655 0.330515 0.0512609 0.0560255 0.0900639 0.0508725 0.157884 0.0596156 0.0885442
0.0500302 0.0499923 0.0499814 0.550019 0.0499831 0.0500017 0.0499886 0.0500116 0.0499874 0.0500045
0.202286 0.0844976 0.071322 0.0615178 0.0670437 0.0761409 0.0865885 0.0720275 0.0695983 0.208978
0.493061 0.0533652 0.0590267 0.0524054 0.0594458 0.0578108 0.0592928 0.0548591 0.0557058 0.0550278
0.0586069 0.057996 0.193499 0.0567751 0.0531493 0.056514 0.357811 0.0574357 0.0536088 0.0546043
0.0644901 0.396849 0.0631497 0.0969944 0.0523029 0.0630449 0.0582239 0.0620449 0.0538148 0.0890857
0.05861 0.0770467 0.140682 0.132984 0.0606605 0.071387 0.0684562 0.16084 0.0762116 0.153122
0.0718497 0.0798075 0.0768707 0.106129 0.115303 0.0751388 0.0619203 0.144952 0.163022 0.105008
0.0543972 0.0529274 0.051242 0.0515373 0.0503667 0.0515218 0.536024 0.0506982 0.0507766 0.0505086
0.0715254 0.0767528 0.408216 0.0518254 0.0681257 0.0850238 0.058756 0.0624608 0.0574559 0.059858
0.0546664 0.0545768 0.511465 0.0509219 0.051643 0.0567363 0.0648716 0.0523382 0.0512357 0.0515447
0.0515535 0.0545081 0.0521991 0.0507151 0.0514747 0.0545625 0.0509245 0.0596682 0.0544767 0.519918
0.414685 0.0704168 0.0663964 0.0654042 0.0540158 0.0552229 0.0592316 0.0733063 0.0543915 0.0869299
0.0564425 0.0738158 0.202685 0.0526526 0.0683195 0.31628 0.0539781 0.0588614 0.0587501 0.0582157
0.0568561 0.0506571 0.0513714 0.0499855 0.0501387 0.534532 0.0526855 0.0513647 0.0516424 0.0507661
0.0823491 0.0603824 0.0795625 0.0582186 0.0547459 0.0767542 0.130597 0.33779 0.0539441 0.0656565
0.0540456 0.0541565 0.0545688 0.0636054 0.0560427 0.093512 0.467476 0.0513758 0.0527647 0.0524526
0.0602327 0.0627168 0.0810161 0.0547071 0.192639 0.0780673 0.309025 0.0530328 0.0561697 0.0523932
0.0512434 0.0515305 0.536943 0.0510687 0.0502786 0.0503913 0.0503015 0.0521935 0.0505931 0.0554559
0.0530326 0.0527826 0.0561874 0.485951 0.0555541 0.0558793 0.0518158 0.0555882 0.0798443 0.0533645
0.11903 0.0571001 0.358504 0.0537377 0.0660709 0.0619788 0.0765465 0.0638633 0.0574743 0.0856946
0.0666031 0.0574509 0.248896 0.128138 0.0662521 0.062854 0.0709237 0.0728056 0.156806 0.0692697
0.423195 0.0562935 0.112201 0.0533864 0.0551916 0.0622117 0.0778488 0.0539131 0.0522021 0.0535563
0.172193 0.0575882 0.0608463 0.0536495 0.0609588 0.0695526 0.0577425 0.0570984 0.0700859 0.340285
0.0719271 0.103461 0.181443 0.0706387 0.170621 0.0829148 0.0709674 0.0780964 0.0791452 0.0907866
0.0662726 0.103913 0.0828096 0.0889526 0.258029 0.0708442 0.0635771 0.0864655 0.0730814 0.106055
0.0525597 0.0696231 0.0702415 0.0507678 0.0564159 0.10629 0.433897 0.0522806 0.052285 0.0556393
0.489795 0.0645624 0.0606936 0.065812 0.0491319 0.0480011 0.0670739 0.0587519 0.0484348 0.0477434
0.0524516 0.0498011 0.0507792 0.49159 0.0513105 0.0535399 0.0505327 0.0507177 0.0989806 0.0502965
0.0518324 0.445211 0.0676463 0.0524867 0.0850221 0.0554459 0.051456 0.0541918 0.0555532 0.081155
0.552853 0.0496171 0.0497698 0.0495632 0.0495575 0.0497648 0.0498059 0.0496176 0.0498695 0.049582
0.100205 0.0993649 0.113865 0.0803707 0.102476 0.10013 0.120832 0.0784167 0.117003 0.0873372
0.0638626 0.139817 0.110861 0.056455 0.0609096 0.0671329 0.059927 0.299929 0.0597307 0.0813746
0.0512423 0.0549379 0.0560907 0.0584944 0.0632887 0.36812 0.0514969 0.0525599 0.190458 0.0533112
0.0613666 0.069039 0.0891554 0.0590293 0.061072 0.0969479 0.0546112 0.195156 0.0843987 0.229224
0.374159 0.0660663 0.0924608 0.0518044 0.0554084 0.109384 0.0811165 0.0597595 0.0567963 0.0530444
0.165209 0.070737 0.171648 0.0781031 0.0706391 0.0669445 0.129399 0.0858392 0.0739446 0.0875371
0.545624 0.0506703 0.0503965 0.0500923 0.0503304 0.0514266 0.0503418 0.0502347 0.0506892 0.0501945
0.307656 0.0568136 0.0661644 0.062737 0.0520743 0.0917331 0.0598363 0.0846667 0.124221 0.0940981
0.0496203 0.050122 0.0501551 0.0508672 0.049577 0.0495635 0.0494624 0.548366 0.050323 0.0519438
0.381707 0.0519173 0.0548211 0.0483536 0.0595496 0.115866 0.0572379 0.0807923 0.0778964 0.0718586
0.0756551 0.0537738 0.427188 0.0521349 0.0537974 0.0647494 0.0761443 0.0541788 0.0855713 0.0568073
0.0802874 0.116155 0.0849338 0.0669253 0.0725931 0.284944 0.10951 0.0600176 0.0598432 0.064791
0.0846288 0.0772956 0.246987 0.106247 0.0626842 0.096778 0.0704416 0.0877343 0.0860356 0.0811676
0.0547758 0.0839822 0.0785707 0.373876 0.0567511 0.0603436 0.0662508 0.0771069 0.0661617 0.0821813
0.245481 0.0598299 0.0644297 0.0514791 0.0593602 0.276641 0.0561065 0.0556199 0.0640346 0.0670181
0.0876547 0.0574693 0.439988 0.0577009 0.0546698 0.0590725 0.0582298 0.0714909 0.0587196 0.0550041
0.0690058 0.108607 0.0740599 0.0580975 0.0612876 0.0763581 0.0591575 0.0784678 0.297291 0.117668
0.0523731 0.0559848 0.05674 0.0500638 0.491235 0.0847741 0.0498303 0.0490342 0.0555532 0.0544116
0.360941 0.0579587 0.058458 0.0583338 0.0663738 0.138693 0.0595712 0.0657057 0.0689468 0.0650175
0.546151 0.0502222 0.0507284 0.0502785 0.0500662 0.0504859 0.0515258 0.0501518 0.050329 0.0500618
0.0494499 0.0554267 0.0559161 0.0541294 0.050794 0.0505655 0.0495714 0.0582053 0.0576706 0.518271
0.0697811 0.0793293 0.0750989 0.0797021 0.2198 0.0965118 0.0840498 0.101196 0.109093 0.0854375
0.168457 0.060175 0.318506 0.0561991 0.0587689 0.0645168 0.0633013 0.0727945 0.0783936 0.0588876
0.0633219 0.260763 0.0904054 0.061499 0.0655758 0.157282 0.119628 0.0603347 0.0565525 0.0646378
0.0758103 0.076663 0.104066 0.0519611 0.0596488 0.276936 0.183027 0.0572172 0.0547129 0.0599577
0.514759 0.0514598 0.0529245 0.0506297 0.0529821 0.0574714 0.0532273 0.0510408 0.0649387 0.0505667
0.0631166 0.0519129 0.0539528 0.051475 0.0517035 0.516477 0.0542031 0.0506034 0.0545182 0.0520369
0.089593 0.067461 0.0668118 0.0585159 0.0557225 0.0562327 0.0619573 0.0741466 0.0577875 0.411772
0.0500719 0.0500807 0.0500708 0.0504127 0.0499844 0.050546 0.0497527 0.547804 0.050871 0.0504062
0.0510086 0.056165 0.0542407 0.4605 0.0540937 0.053038 0.0513292 0.0744177 0.0553355 0.0898714
0.0708923 0.103647 0.074105 0.0705126 0.0881188 0.195627 0.064768 0.0855241 0.076924 0.169881
0.0676297 0.0531391 0.0569402 0.0498986 0.0501841 0.0904979 0.477832 0.0514037 0.0513521 0.0511222
0.313324 0.0567602 0.0608422 0.0583948 0.0623949 0.073652 0.0584513 0.0596861 0.195396 0.0610985
0.129446 0.0720599 0.162593 0.062601 0.0614711 0.0962116 0.0730438 0.159039 0.062266 0.121268
0.0535893 0.0682024 0.0694883 0.0564155 0.181456 0.0605332 0.0528913 0.318831 0.0670227 0.0715698
0.0765867 0.0731876 0.0628728 0.0809913 0.107488 0.0995868 0.0641133 0.165234 0.169551 0.100388
0.068433 0.0626382 0.0981631 0.0614255 0.0575386 0.0579795 0.0540164 0.0932316 0.0593312 0.387243
0.165342 0.0578543 0.0989803 0.0503922 0.0501564 0.0725198 0.349642 0.0540263 0.0501048 0.0509823
0.0698193 0.0688745 0.0722982 0.0557502 0.155039 0.287613 0.0647174 0.0602301 0.106113 0.0595453
0.328392 0.0559355 0.0655232 0.0510443 0.0548986 0.213035 0.0661532 0.0533874 0.0587497 0.0528815
0.488943 0.0551158 0.0542183 0.0525249 0.0535414 0.0563333 0.0515866 0.0582815 0.0646773 0.0647782
0.0580348 0.153883 0.0911562 0.0619863 0.078714 0.0564595 0.0542961 0.064621 0.0534944 0.327354
0.0592029 0.114039 0.178206 0.0618644 0.0740041 0.0797059 0.0605015 0.103193 0.0803228 0.18896
0.0713001 0.0611592 0.096176 0.0545606 0.0650662 0.0889384 0.0777379 0.0652472 0.0665734 0.353241
0.0647384 0.225462 0.0826536 0.0977574 0.0887684 0.0754898 0.122799 0.0794403 0.0756317 0.0872592
0.0663786 0.0701179 0.431253 0.061098 0.0523437 0.0867952 0.0701758 0.0534897 0.0503411 0.0580071
0.0529331 0.0511559 0.523445 0.0584263 0.0505745 0.0509458 0.0514803 0.0549315 0.0540442 0.0520633
0.0574336 0.110716 0.0800449 0.0816052 0.220128 0.0739342 0.0594303 0.089373 0.0990207 0.128314
0.0584866 0.059291 0.0652326 0.428159 0.0535056 0.0559419 0.0690788 0.0749629 0.0757135 0.0596284
0.0703295 0.104729 0.18863 0.0690161 0.0886521 0.0857905 0.0833728 0.13462 0.114325 0.0605352
0.37142 0.06208 0.0723103 0.0529863 0.0534647 0.0731836 0.11143 0.0667031 0.077677 0.0587445
0.0548131 0.0580019 0.0685766 0.0550621 0.0575365 0.0554637 0.0538088 0.475977 0.0638238 0.0569363
0.0591386 0.0558009 0.0593762 0.055232 0.0533703 0.0611707 0.0537784 0.120735 0.411054 0.0703448
0.0630908 0.062512 0.391821 0.0581707 0.0605508 0.0748665 0.0729433 0.0644506 0.0770459 0.0745486
0.0732072 0.0779048 0.274925 0.0829764 0.0668343 0.0674857 0.0784046 0.107012 0.0590759 0.112175
0.0720067 0.0736507 0.248515 0.102372 0.0621764 0.0644225 0.132565 0.0927888 0.0740865 0.0774163
0.0555811 0.0650184 0.453879 0.047368 0.056446 0.0901592 0.0761533 0.0495588 0.0506042 0.0552324
0.0508635 0.0769323 0.0551896 0.0533017 0.0666511 0.461511 0.0500435 0.0507188 0.0718899 0.0628981
0.514514 0.0526724 0.0527337 0.051006 0.0535077 0.055867 0.0507695 0.0583278 0.0577499 0.0528522
0.117156 0.0561769 0.0637199 0.0497247 0.053363 0.421924 0.0768403 0.053681 0.0556626 0.0517512
0.058713 0.32063 0.095895 0.0761228 0.0784648 0.0771638 0.074234 0.0642042 0.0639629 0.09061
0.054481 0.0534179 0.0563211 0.0513344 0.498786 0.0624718 0.0537441 0.0538512 0.0620455 0.0535469
0.0513648 0.0536412 0.522798 0.0553386 0.0532212 0.052049 0.0511999 0.0541079 0.0520667 0.0542128
0.0945485 0.056307 0.405025 0.0517924 0.059509 0.0581746 0.0855561 0.0772837 0.0530243 0.0587798
0.0512668 0.0633051 0.0568893 0.13756 0.0632144 0.0605873 0.0515106 0.0648401 0.067874 0.382953
0.0710076 0.0685367 0.0885909 0.0566932 0.0742341 0.0636118 0.0640887 0.184168 0.119186 0.209884
0.156184 0.157035 0.1324 0.0638004 0.05939 0.0637166 0.0612733 0.105894 0.0623249 0.137982
0.0801252 0.0581476 0.439671 0.0563959 0.0537201 0.0633065 0.0829781 0.0577014 0.0529836 0.0549702
0.052597 0.0510702 0.533874 0.050776 0.0514667 0.0518453 0.051951 0.0527729 0.0529817 0.0506651
0.211559 0.0721435 0.182882 0.0635362 0.0631626 0.0616492 0.0620744 0.117684 0.0762876 0.0890221
0.0584409 0.0578063 0.474954 0.0507635 0.0543972 0.0614062 0.0706507 0.0511996 0.0710649 0.049317
0.0534232 0.0501688 0.0508948 0.0497691 0.0502278 0.540413 0.049879 0.0501312 0.0550184 0.0500749
0.0537761 0.0532289 0.0688482 0.0515736 0.502763 0.0538367 0.0529289 0.0533833 0.0547698 0.0548918
0.0603263 0.0550814 0.0570262 0.0540364 0.0511087 0.0526296 0.0547974 0.505045 0.0518535 0.0580952
0.0553786 0.0557428 0.061134 0.0632273 0.0703615 0.468473 0.0607207 0.0508492 0.0556254 0.0584875
0.0714216 0.0877023 0.165319 0.0950355 0.0659562 0.244493 0.0642688 0.0771815 0.0611279 0.0674943
0.241041 0.0530954 0.0504309 0.0643185 0.0630714 0.0498457 0.0512524 0.0617875 0.106462 0.258695
0.0621687 0.0790354 0.112581 0.0581413 0.0627661 0.10705 0.0640137 0.0808987 0.0669012 0.306444
0.0541356 0.0554348 0.0725081 0.0526359 0.481537 0.0533826 0.0702372 0.0566434 0.0511103 0.0523756
0.113367 0.0576722 0.0768972 0.0657287 0.0708608 0.274715 0.070542 0.0911817 0.117026 0.0620093
0.133253 0.0628042 0.0556774 0.0534311 0.0637975 0.360808 0.0701198 0.0778381 0.0603108 0.0619598
0.0579508 0.31961 0.122008 0.057937 0.0643684 0.091986 0.0789825 0.0673117 0.0651059 0.07474
0.0504051 0.0497206 0.0501254 0.550246 0.0498213 0.0498497 0.0504468 0.0499083 0.0497929 0.0496843
0.497892 0.0691076 0.053362 0.0560827 0.0520502 0.0532786 0.0521221 0.0531409 0.052154 0.0608102
0.0935581 0.119867 0.09429 0.071548 0.210884 0.0743731 0.0846845 0.0713696 0.084874 0.0945519
0.183697 0.0590959 0.0675177 0.0550972 0.0577959 0.0566843 0.352065 0.0603214 0.0554976 0.0522279
0.0518398 0.08973 0.0727969 0.0624585 0.0797312 0.0543 0.0525211 0.0773735 0.0551527 0.404096
0.0549897 0.066155 0.208822 0.0524857 0.305872 0.0837419 0.0553187 0.0558828 0.0593087 0.0574233
0.0889625 0.0578224 0.088178 0.0525706 0.118809 0.32971 0.0880405 0.0602759 0.059353 0.0562786
0.170755 0.098178 0.0935909 0.0657355 0.0874326 0.0917547 0.0731192 0.128136 0.0787522 0.112546
0.0730746 0.106124 0.360469 0.0560261 0.0616076 0.0555414 0.0661981 0.0960471 0.0543861 0.0705254
0.0545055 0.0521602 0.506847 0.0506405 0.0572232 0.0569347 0.0537585 0.0536858 0.0615116 0.0527332
0.0673568 0.0631528 0.350667 0.0540268 0.0777131 0.083666 0.0588367 0.0882854 0.0656376 0.090658
0.0652019 0.198883 0.0926929 0.0676691 0.183933 0.0686189 0.0606804 0.100025 0.0814086 0.0808872
0.0587761 0.0675276 0.101681 0.0526216 0.431901 0.0626279 0.0655192 0.0531274 0.0518594 0.0543589
0.0605693 0.144571 0.074519 0.0700134 0.184234 0.108222 0.0578464 0.0656827 0.0877452 0.146597
0.0704535 0.0569162 0.472119 0.0516356 0.0531833 0.0604985 0.0716773 0.0548403 0.0540685 0.054608
0.139941 0.0640293 0.0616607 0.0531711 0.0812184 0.357176 0.0616621 0.0547663 0.0658552 0.0605206
0.0714093 0.330812 0.082746 0.0569141 0.0696332 0.0977422 0.0602632 0.072496 0.0695165 0.0884673
0.0977661 0.0976854 0.262716 0.0565607 0.164616 0.0698798 0.0623842 0.0660607 0.062038 0.0602928
0.536783 0.051335 0.0511747 0.0500485 0.0526105 0.050481 0.0564839 0.0504802 0.0504204 0.0501831
0.0600268 0.440345 0.0866443 0.0616631 0.0607168 0.0582061 0.0611544 0.0623039 0.0535978 0.0553416
0.0522309 0.0523224 0.0522838 0.051188 0.527425 0.0539491 0.0534095 0.0514525 0.0547308 0.0510077
0.0774716 0.0624539 0.067505 0.0584441 0.0692305 0.37322 0.0741115 0.069226 0.0866206 0.061717
