12080 20
0.0240072 0.0690832 0.0309111 0.0244325 0.028438 0.0274813 0.0230112 0.040099 0.353425 0.106143 0.0267285 0.0251689 0.0231873 0.0239349 0.0236664 0.0261555 0.0230608 0.0233083 0.0229891 0.0547685
0.027529 0.0608594 0.0294565 0.0332354 0.035445 0.0394018 0.0223755 0.0608708 0.0240657 0.0569331 0.0236323 0.083573 0.025183 0.079904 0.0240573 0.0714267 0.0315859 0.0499653 0.173973 0.0465275
0.0468771 0.0753183 0.0303286 0.0686606 0.0237868 0.0310149 0.0255668 0.118629 0.0335023 0.0272837 0.102378 0.0238409 0.0237104 0.0498122 0.0272314 0.0357137 0.0468792 0.0247753 0.157342 0.0273484
0.0244234 0.026329 0.0274313 0.0252046 0.0258991 0.202608 0.0256617 0.139536 0.0270258 0.0996958 0.0248966 0.0720525 0.0244647 0.0660754 0.024497 0.0246309 0.0246301 0.0597923 0.0247147 0.0304309
0.0309119 0.0369719 0.0779347 0.0288094 0.101828 0.0303404 0.0366773 0.0258884 0.0268887 0.053282 0.0319956 0.0269551 0.100951 0.0510755 0.0258887 0.0727128 0.0375216 0.0908373 0.0592577 0.0532721
0.0258217 0.0475824 0.0497576 0.0406197 0.0728553 0.0240794 0.0236391 0.0564147 0.2022 0.0261756 0.0304425 0.0256737 0.0250944 0.0635086 0.127994 0.0305165 0.0244105 0.0237423 0.0532218 0.0262497
0.0189333 0.0189928 0.0188816 0.019184 0.0190689 0.0322371 0.0188944 0.019067 0.0190232 0.245538 0.0191019 0.018889 0.0188781 0.0457394 0.0190968 0.0191465 0.0810984 0.0194009 0.307014 0.0218151
0.0304499 0.0344728 0.0342873 0.0300206 0.103753 0.0296778 0.0318826 0.0246692 0.0255261 0.10784 0.0307865 0.0251868 0.0424256 0.0287657 0.0479805 0.0339135 0.0491662 0.144817 0.0567699 0.0876089
0.0325515 0.0462663 0.0288631 0.0263857 0.0957916 0.032333 0.0237766 0.024585 0.0376452 0.0806704 0.035545 0.0293699 0.0469327 0.103669 0.0459845 0.045272 0.0356973 0.051957 0.0478924 0.128812
0.0437442 0.0436074 0.037317 0.076015 0.0525075 0.0529707 0.032661 0.0356802 0.11337 0.0464214 0.0586918 0.0371254 0.0263454 0.0361396 0.0878404 0.0506858 0.0748615 0.0287801 0.0362157 0.0290203
0.100851 0.0536515 0.0727672 0.0238923 0.0717151 0.0266623 0.0331037 0.0350581 0.0360982 0.0337671 0.0400044 0.0265492 0.0401654 0.0261771 0.0623888 0.135717 0.0324488 0.0319123 0.0360651 0.0810058
1.89491e-10 1.89491e-10 1.89491e-10 1.89491e-10 1.89491e-10 1.89491e-10 1.89491e-10 1.89491e-10 1.89491e-10 1.89491e-10 1 1.89491e-10 1.89491e-10 1.89491e-10 1.89491e-10 1.89491e-10 1.89491e-10 1.89491e-10 1.89491e-10 1.89491e-10
0.0248743 0.0256471 0.0255539 0.213079 0.0298332 0.0403697 0.0255956 0.0448497 0.0364163 0.0900706 0.0269484 0.0263387 0.0318954 0.0348915 0.0320922 0.0275976 0.0572254 0.0318992 0.121155 0.0536679
0.0257992 0.0803968 0.237305 0.0250208 0.0266597 0.0254473 0.0783178 0.0250993 0.0250346 0.0293221 0.0256459 0.0530925 0.0259948 0.0315737 0.025123 0.0260053 0.025429 0.0317006 0.0254656 0.151567
0.0497622 0.0341263 0.0878799 0.036867 0.0318805 0.0280441 0.0287697 0.0308194 0.0248504 0.0842337 0.0330775 0.024568 0.0260357 0.0724853 0.049105 0.0747722 0.0371602 0.0894381 0.0819744 0.0741504
0.0210916 0.0283759 0.527578 0.0533568 0.0237219 0.0202199 0.020023 0.0200847 0.0221328 0.0446296 0.020888 0.0200014 0.020025 0.0205835 0.0225647 0.0239443 0.0287782 0.0215433 0.0200249 0.0204331
0.0262159 0.0308184 0.0273296 0.0940788 0.0395604 0.163417 0.0436148 0.0252073 0.0351419 0.072033 0.0258001 0.0360473 0.0352998 0.0497862 0.0248391 0.0416548 0.0749838 0.0852399 0.0270598 0.0418723
0.0309799 0.0459059 0.0292016 0.0837861 0.0676826 0.0416228 0.02644 0.0416919 0.173755 0.0504394 0.0384185 0.0265648 0.0283802 0.0448157 0.0545266 0.0343473 0.0483917 0.037798 0.0545052 0.0407469
0.0441048 0.0302542 0.111439 0.0476511 0.0349341 0.0425452 0.110358 0.0471078 0.0720492 0.0461077 0.0338316 0.0269192 0.025084 0.061091 0.0255835 0.0414996 0.0512815 0.030206 0.0788591 0.0390937
0.0707972 0.0228475 0.0237541 0.0906904 0.0230476 0.0290329 0.0355418 0.0227833 0.0227973 0.101046 0.0235136 0.0227492 0.0227358 0.0956394 0.0227567 0.0443987 0.128509 0.0914051 0.0295169 0.0764376
1.78963e-10 1.78963e-10 1.78963e-10 1.78963e-10 1.78963e-10 1.78963e-10 1.78963e-10 1.78963e-10 1 1.78963e-10 1.78963e-10 1.78963e-10 1.78963e-10 1.78963e-10 1.78963e-10 1.78963e-10 1.78963e-10 1.78963e-10 1.78963e-10 1.78963e-10
0.0873233 0.0412329 0.0419048 0.0368166 0.0287151 0.0418965 0.0443492 0.03462 0.0269072 0.0460634 0.0666325 0.0298058 0.0264749 0.0627234 0.0475127 0.0794457 0.0775992 0.0311862 0.10509 0.0437003
0.0268029 0.0330762 0.0317347 0.0868878 0.0368027 0.0760939 0.0401436 0.0477523 0.0514206 0.0435182 0.0318834 0.073574 0.0450786 0.0378457 0.0269437 0.0670031 0.0740879 0.0982813 0.0295998 0.0414696
0.0447197 0.073308 0.0417396 0.0542189 0.0988929 0.0356448 0.0249095 0.0373387 0.0404524 0.0514263 0.133301 0.0393675 0.040433 0.036914 0.04208 0.0537439 0.0242979 0.0403359 0.0246465 0.0622292
0.0321755 0.0253991 0.120771 0.0457631 0.0274887 0.0392567 0.0255915 0.0257306 0.0257037 0.076053 0.0277553 0.0250577 0.0251195 0.1066 0.0310041 0.0283741 0.207256 0.0488752 0.0288802 0.0271446
0.121702 0.0644843 0.038299 0.036361 0.0395951 0.0328089 0.035873 0.0363483 0.0493864 0.0354048 0.0993795 0.0288384 0.0334619 0.0350817 0.101046 0.0693993 0.0366851 0.0291467 0.0444594 0.0322393
0.0227913 0.0247604 0.024512 0.0440114 0.023873 0.041012 0.0227333 0.0540099 0.0347385 0.0267551 0.0253109 0.438711 0.0275353 0.0238407 0.0228076 0.0270194 0.0227844 0.0287246 0.0227432 0.0413257
0.0247236 0.0457792 0.0297543 0.0468214 0.0545265 0.0787581 0.0235689 0.0340592 0.0499518 0.101499 0.0442742 0.0829776 0.0283125 0.0338751 0.0241756 0.0549293 0.0269224 0.0682036 0.0254352 0.121452
0.023324 0.0290737 0.0246369 0.0419244 0.0255056 0.116876 0.0392417 0.10323 0.0241655 0.0701291 0.0361847 0.0596501 0.023472 0.0838772 0.023698 0.0259742 0.0544 0.0288537 0.138569 0.0272144
0.02451 0.0801117 0.0289854 0.0244175 0.142755 0.0265981 0.0487923 0.0277329 0.0247737 0.074387 0.0257253 0.0246554 0.0610836 0.0366246 0.0251128 0.0384089 0.0249531 0.038261 0.0244722 0.197639
0.0281743 0.0347275 0.0258879 0.0305602 0.0485765 0.028129 0.0336101 0.13611 0.0342622 0.0267585 0.117453 0.131788 0.0730687 0.0488423 0.0277505 0.0594445 0.0226772 0.0384154 0.023343 0.0304215
0.0259701 0.0452141 0.0571887 0.0249254 0.0742558 0.0342448 0.0244569 0.0262617 0.0658482 0.100853 0.0487577 0.0267517 0.0281131 0.0867808 0.0245653 0.0272597 0.0276761 0.0816749 0.0254945 0.143707
0.0265331 0.0509253 0.035814 0.0376101 0.0715778 0.046181 0.0567923 0.110531 0.0630579 0.0357932 0.0536162 0.102013 0.0455248 0.0284957 0.0289721 0.0318615 0.0320708 0.0641006 0.03164 0.0468893
0.0430841 0.0763144 0.0477213 0.0346851 0.0639151 0.0283055 0.0369081 0.0272133 0.0419695 0.0514434 0.137811 0.0275554 0.0271999 0.035655 0.0819759 0.0819173 0.0253896 0.0265387 0.0428299 0.0615673
0.0273215 0.0775251 0.0342157 0.0270666 0.0953918 0.0310163 0.0309155 0.0941286 0.0631849 0.0395188 0.0308722 0.0867477 0.0907084 0.0407337 0.0523915 0.0344645 0.0274229 0.0395206 0.0327395 0.0441141
0.0396862 0.0464602 0.0553002 0.032337 0.0316105 0.0524173 0.0310737 0.051679 0.0419564 0.0567178 0.0621199 0.032949 0.0633862 0.0715491 0.0415125 0.055988 0.0649266 0.0482226 0.0641549 0.055953
0.0214085 0.0524249 0.0220583 0.0224696 0.0854388 0.0216372 0.0213453 0.0219435 0.0986818 0.0699537 0.026987 0.0380856 0.0215015 0.0244588 0.228745 0.110684 0.0231392 0.0214211 0.0323563 0.0352598
0.0304727 0.0508806 0.0508771 0.024064 0.101894 0.0241104 0.0240866 0.0241154 0.0547359 0.0584929 0.0479515 0.0240334 0.0242718 0.0391599 0.219826 0.084557 0.0313103 0.0246687 0.0307016 0.0297904
0.0250688 0.0245608 0.481621 0.0263627 0.0249262 0.0244929 0.0253582 0.0244514 0.0250964 0.0530398 0.0245378 0.0244298 0.0244103 0.0391784 0.0249662 0.0256214 0.0263065 0.0250642 0.0247266 0.0257805
0.0254069 0.0358644 0.0270323 0.149717 0.0353717 0.055435 0.025452 0.143436 0.0498097 0.0340718 0.0293499 0.0416749 0.0254561 0.0383564 0.0595929 0.0259985 0.0823661 0.0249707 0.064677 0.0259609
0.0477405 0.0229447 0.167119 0.0255464 0.142789 0.0401492 0.0276668 0.0380376 0.0271829 0.132806 0.0229931 0.0232635 0.0227655 0.0598933 0.0233215 0.0315326 0.0553342 0.043021 0.0228312 0.0230628
0.0263766 0.0305084 0.0266169 0.17759 0.0250588 0.101597 0.0302506 0.0447651 0.0297042 0.0422909 0.0741912 0.0248681 0.0248031 0.0415346 0.0277156 0.0255647 0.131057 0.026754 0.0611398 0.0276136
0.0214809 0.0628017 0.410859 0.0214974 0.0229414 0.021443 0.0212869 0.0214071 0.023669 0.135454 0.0217331 0.021365 0.0213479 0.0326874 0.0216104 0.0238239 0.0213974 0.0218742 0.0212839 0.0300363
0.0239819 0.0418591 0.0393728 0.118144 0.0400287 0.0623792 0.133691 0.0455156 0.0380556 0.0319973 0.0489917 0.0517902 0.0247139 0.045716 0.0518282 0.0289379 0.0447526 0.0396532 0.0580152 0.0305763
0.0402928 0.0465199 0.0433334 0.0305772 0.0866563 0.0257624 0.026736 0.0429325 0.0478374 0.0364072 0.0415479 0.058638 0.0702755 0.0269439 0.154899 0.0940291 0.0279345 0.0334542 0.0248619 0.0403607
0.0229751 0.0227466 0.0267858 0.0227274 0.022745 0.0227503 0.563046 0.0227335 0.0227541 0.0228157 0.0227711 0.0227863 0.0227294 0.0228261 0.022742 0.0227431 0.0227667 0.0227713 0.0227386 0.0230457
0.0250421 0.0290692 0.0250144 0.065188 0.0265405 0.0641659 0.0250011 0.0309641 0.025326 0.0272827 0.0266659 0.165464 0.0253949 0.0257841 0.0252679 0.0254556 0.0250292 0.0269323 0.0253811 0.285031
0.0717222 0.0404449 0.0362874 0.0666474 0.0460961 0.0429392 0.0327443 0.0609737 0.0601428 0.0428693 0.0472914 0.0367316 0.0264371 0.0375101 0.0885157 0.0538741 0.0679842 0.0359297 0.0637031 0.0411558
0.0265172 0.0271405 0.0318352 0.0550061 0.0332034 0.0708148 0.0245764 0.0563347 0.12453 0.0807876 0.0256234 0.045023 0.0348215 0.0431674 0.025076 0.0290965 0.0564947 0.0536116 0.123961 0.0323785
0.0618428 0.0177292 0.0228391 0.0204438 0.0174441 0.0172569 0.0194692 0.0172606 0.0656334 0.0610736 0.0173526 0.0173281 0.0177871 0.371819 0.0223059 0.017623 0.0197101 0.0563984 0.0197849 0.118898
0.085751 0.0170935 0.0212538 0.0169638 0.0171558 0.0169831 0.0172647 0.0169871 0.139536 0.07848 0.0170172 0.0170013 0.0182102 0.302071 0.0174314 0.0987727 0.0170986 0.0229939 0.0169694 0.0449658
0.0408237 0.0214752 0.023294 0.0206556 0.0398323 0.0277074 0.0225446 0.0215447 0.02035 0.134152 0.0395194 0.0207316 0.020785 0.0562708 0.0208721 0.0240079 0.0350907 0.0415896 0.322966 0.0457873
0.0430666 0.0428333 0.0471876 0.0726618 0.0752579 0.0532836 0.0756983 0.0397091 0.0482788 0.0382505 0.0352428 0.0434088 0.0787409 0.0346254 0.0378087 0.033989 0.0558794 0.0612392 0.0437108 0.0391272
0.0204462 0.124288 0.0204535 0.0205594 0.0233705 0.0260917 0.0211032 0.277873 0.0258655 0.0354859 0.0647346 0.124165 0.0235275 0.0206435 0.0205654 0.0229487 0.020453 0.0211167 0.0204082 0.0658997
0.0240698 0.0254644 0.0256911 0.0244118 0.0242715 0.0275026 0.0238393 0.0238528 0.167333 0.272503 0.0616991 0.0238279 0.0238526 0.0359422 0.0246651 0.0392909 0.0247302 0.0240535 0.0239769 0.0790224
0.0445561 0.0264288 0.0294325 0.0257574 0.0790456 0.0245213 0.0240875 0.0238954 0.0251219 0.142839 0.0273994 0.0239299 0.0245283 0.0263766 0.0248441 0.0876107 0.0241374 0.119193 0.0238493 0.172446
0.0525163 0.0284541 0.0457616 0.0269804 0.0287276 0.0298201 0.0973202 0.0292449 0.0457307 0.0342473 0.0265966 0.0277302 0.0361252 0.240777 0.0583616 0.0391056 0.0414961 0.0299576 0.0279078 0.0531389
0.0280622 0.0450795 0.0344179 0.0867733 0.0376905 0.0766087 0.0483798 0.0500745 0.0463176 0.0548874 0.0466477 0.042631 0.0499284 0.0442943 0.0260081 0.0432952 0.0820713 0.0506366 0.042738 0.0634578
0.023948 0.0339075 0.0370814 0.0268542 0.10352 0.0516438 0.0429352 0.05905 0.0388441 0.0559173 0.0313155 0.218506 0.0404935 0.0287507 0.0241731 0.0340169 0.0249194 0.0410855 0.0239605 0.059078
0.094224 0.0386928 0.0204193 0.0329043 0.0326013 0.0207862 0.0272878 0.0213809 0.0229846 0.0393762 0.0455308 0.0213056 0.0419091 0.0223333 0.0675028 0.126488 0.182926 0.0506378 0.0617814 0.028928
0.0343064 0.0385878 0.120763 0.0199586 0.0369224 0.0196177 0.0203845 0.0196612 0.0198199 0.0226911 0.0199846 0.0196079 0.0196142 0.468865 0.0197287 0.0196816 0.0204211 0.0198019 0.0197236 0.0198595
0.0438491 0.0679242 0.0295781 0.0380391 0.0784756 0.0419315 0.0328734 0.0774897 0.0293864 0.0412837 0.0760214 0.108351 0.0441801 0.0367365 0.0567899 0.0303307 0.0383745 0.0430094 0.0421145 0.043261
0.0243478 0.023457 0.450307 0.024315 0.0255581 0.0256501 0.0244156 0.0234579 0.0235339 0.0280013 0.0232959 0.0485944 0.0251846 0.0322012 0.0389795 0.0283221 0.0323894 0.0409307 0.0238474 0.0332111
0.0205355 0.0220681 0.0972627 0.0285963 0.0617431 0.0204503 0.0819372 0.0203834 0.0202056 0.0678119 0.0206101 0.0200567 0.0200499 0.253952 0.0232801 0.0212058 0.0607972 0.0207431 0.0573371 0.0609739
0.0365229 0.0615853 0.0380967 0.0460389 0.0270997 0.0368065 0.0234347 0.0499355 0.0445989 0.0991118 0.0562272 0.025659 0.0235682 0.089482 0.0431653 0.0455926 0.0408505 0.0300736 0.143844 0.038307
0.169113 0.0436348 0.0466459 0.0209294 0.0212392 0.0258031 0.020857 0.0631657 0.0210159 0.0281139 0.0222104 0.0210121 0.0208557 0.143214 0.021144 0.0211593 0.0209156 0.0210462 0.0209207 0.227004
0.023897 0.0467235 0.0238233 0.0241211 0.0991585 0.0243651 0.0313058 0.0879572 0.0504758 0.0303286 0.0323471 0.240534 0.0525557 0.024056 0.0244438 0.0240078 0.0238099 0.0340784 0.0238125 0.0781994
0.02363 0.0622183 0.057726 0.0244536 0.071886 0.0244933 0.0233779 0.118276 0.0292334 0.0528206 0.098777 0.0973231 0.0227813 0.0759453 0.0227222 0.0557874 0.0278763 0.0327048 0.0389217 0.0390458
0.0278454 0.0327491 0.0247086 0.024239 0.199338 0.025628 0.0242365 0.02442 0.024466 0.0735107 0.0263571 0.025986 0.0615905 0.0250867 0.0246763 0.0430617 0.0283479 0.19122 0.0247354 0.0677976
0.0253088 0.0238579 0.498809 0.0256595 0.0250753 0.024761 0.0243926 0.0238453 0.0264753 0.0296319 0.0243411 0.0235865 0.0237749 0.0354086 0.0237123 0.0260698 0.0241587 0.0273982 0.0235777 0.0401552
0.0215518 0.0227796 0.333795 0.0622732 0.0198412 0.0210918 0.0200253 0.0229672 0.020074 0.0309882 0.0215795 0.0197319 0.0196736 0.124061 0.0196619 0.0203824 0.0738439 0.0200782 0.0246103 0.0809894
0.0217278 0.021878 0.0277473 0.0238389 0.0484165 0.0222976 0.0215354 0.0213782 0.0214669 0.122834 0.0214485 0.0213871 0.0213163 0.168936 0.0213091 0.214085 0.0260378 0.0217055 0.021341 0.109313
0.0423667 0.0467248 0.037952 0.0597405 0.0246317 0.0368151 0.0346133 0.0254597 0.0378815 0.0440819 0.062752 0.0240882 0.0247761 0.063819 0.0266411 0.0472771 0.155139 0.0377438 0.127379 0.0401178
0.0249865 0.0271385 0.0302251 0.0247167 0.0632864 0.0253428 0.0246992 0.052916 0.0291342 0.0445222 0.045238 0.170748 0.0563717 0.0513456 0.0247059 0.0252847 0.0248042 0.118372 0.0247621 0.111401
0.044328 0.0243862 0.0494964 0.0384433 0.0250324 0.0254195 0.0241517 0.0241342 0.181998 0.0309947 0.024183 0.0240934 0.0242229 0.0299253 0.266428 0.0297278 0.0584239 0.0242278 0.0241865 0.0261966
0.0249406 0.033584 0.0501678 0.0247259 0.0710239 0.0254149 0.024496 0.0246978 0.0300726 0.0758637 0.0340644 0.024928 0.0394579 0.132498 0.024607 0.0457662 0.0268516 0.133641 0.0280743 0.125125
0.0197181 0.0179506 0.582579 0.0169661 0.0321512 0.0169617 0.0174165 0.0170058 0.0169942 0.0180185 0.0189575 0.0325899 0.0193561 0.0598468 0.0268813 0.0170309 0.0172701 0.0175221 0.0169878 0.0177953
0.0263379 0.0257725 0.028928 0.0263555 0.0613872 0.0256678 0.0250437 0.0251154 0.208458 0.0270819 0.0268425 0.0295666 0.0516335 0.0251623 0.0408166 0.229065 0.026282 0.0318025 0.025035 0.0336459
0.0229989 0.0221144 0.10894 0.0217776 0.130928 0.0217592 0.0309739 0.0220342 0.0499872 0.0226578 0.0220346 0.0672584 0.0663907 0.0798732 0.0217478 0.0225003 0.0220576 0.155548 0.0640692 0.0243497
0.0343823 0.105865 0.0321897 0.0247614 0.0613445 0.023995 0.0238407 0.0243589 0.0676027 0.180915 0.0246888 0.0244167 0.0238779 0.0432803 0.0734861 0.0397331 0.0862906 0.0426073 0.0374602 0.0249038
0.0229143 0.0239211 0.028952 0.0228605 0.0238292 0.0990585 0.046549 0.0934341 0.0245576 0.0364172 0.0234049 0.304339 0.0334189 0.0318005 0.0227932 0.0265053 0.0228566 0.0301301 0.0227386 0.0595192
0.0317718 0.0616893 0.0334295 0.024066 0.0496503 0.0277634 0.0580043 0.0236936 0.0232724 0.14084 0.0441995 0.0229712 0.0280703 0.0754754 0.0433446 0.0395724 0.110767 0.0454679 0.0666979 0.0492536
0.0247297 0.0255653 0.219931 0.219922 0.0268071 0.0336204 0.0241984 0.0285535 0.038349 0.0356206 0.025463 0.0237091 0.0275318 0.0518167 0.0574183 0.0264269 0.0268186 0.0303321 0.0241308 0.0290558
0.0263273 0.05916 0.023294 0.0601886 0.0226835 0.147348 0.0258556 0.0227165 0.0230127 0.204047 0.0247655 0.0226636 0.0228264 0.0534592 0.0224376 0.0234472 0.11203 0.0228919 0.0255387 0.0553073
0.0446141 0.0271621 0.235068 0.0213745 0.0215457 0.0200183 0.0635438 0.0205346 0.0641368 0.0344898 0.0229228 0.0200918 0.021 0.168429 0.0706648 0.0331106 0.0238492 0.0208948 0.0381677 0.0283821
0.0357149 0.0266347 0.063157 0.0318588 0.0234093 0.0243347 0.0230674 0.0226879 0.043104 0.119181 0.0215037 0.0592012 0.0214099 0.0433413 0.241265 0.0226301 0.10127 0.0216304 0.031976 0.0226227
0.0576276 0.0240345 0.0218557 0.0329196 0.0251951 0.0891151 0.0241035 0.161112 0.0592784 0.0541012 0.021958 0.021462 0.120931 0.0575307 0.0224599 0.0253445 0.0237405 0.10785 0.025994 0.0233865
0.0240338 0.102569 0.0407433 0.0238975 0.0245943 0.0615572 0.0276537 0.0389128 0.0242289 0.0737043 0.0470732 0.199221 0.0537674 0.0453528 0.0239497 0.032963 0.0241589 0.035712 0.0239501 0.0719567
1 1.69544e-10 1.69544e-10 1.69544e-10 1.69544e-10 1.69544e-10 1.69544e-10 1.69544e-10 1.69544e-10 1.69544e-10 1.69544e-10 1.69544e-10 1.69544e-10 1.69544e-10 1.69544e-10 1.69544e-10 1.69544e-10 1.69544e-10 1.69544e-10 1.69544e-10
0.130474 0.0288946 0.0437879 0.0264542 0.0278865 0.0335711 0.0366678 0.0270931 0.0246451 0.0453394 0.0374723 0.0359697 0.0424542 0.0712419 0.0427752 0.0571129 0.0662336 0.0791372 0.0960657 0.0467234
0.0207275 0.043522 0.0227167 0.0210726 0.0464508 0.0245281 0.0206735 0.129183 0.0232788 0.0440654 0.134822 0.129427 0.0797281 0.0212911 0.0209023 0.109235 0.0207087 0.0350129 0.0209163 0.0317381
0.0470192 0.0299019 0.119778 0.0465761 0.038804 0.0397584 0.031719 0.0276724 0.10273 0.0427856 0.0301267 0.0253561 0.0254089 0.0742936 0.0654803 0.0388709 0.0716471 0.0329498 0.0645124 0.0446094
0.0324336 0.0271826 0.0273928 0.0876113 0.0250869 0.0627237 0.029165 0.0318177 0.0556252 0.0350362 0.0268025 0.0249474 0.0251029 0.0711558 0.0292606 0.0261306 0.121383 0.0371439 0.196824 0.0271742
1.89491e-10 1.89491e-10 1.89491e-10 1.89491e-10 1.89491e-10 1.89491e-10 1.89491e-10 1.89491e-10 1.89491e-10 1.89491e-10 1.89491e-10 1.89491e-10 1.89491e-10 1.89491e-10 1.89491e-10 1.89491e-10 1.89491e-10 1.89491e-10 1.89491e-10 1
0.0225887 0.0237008 0.0415551 0.0216906 0.081142 0.0227586 0.0217388 0.0216634 0.0238917 0.101111 0.0303118 0.0220552 0.0405049 0.0250201 0.0222131 0.145472 0.0234089 0.112526 0.114187 0.0824609
0.0249236 0.0635315 0.0262134 0.0231861 0.0681789 0.0263018 0.0229182 0.0567046 0.0455094 0.182322 0.0244941 0.0297707 0.0239737 0.0822481 0.023696 0.0512985 0.0233333 0.0380477 0.0239066 0.139442
0.0246336 0.0276848 0.0248533 0.0256198 0.039094 0.0421619 0.0336021 0.0423485 0.0661587 0.0321938 0.0255336 0.373493 0.042038 0.027974 0.0246035 0.0266053 0.0245969 0.0291672 0.024563 0.0430751
2.14756e-10 2.14756e-10 2.14756e-10 2.14756e-10 2.14756e-10 2.14756e-10 2.14756e-10 2.14756e-10 2.14756e-10 2.14756e-10 2.14756e-10 2.14756e-10 2.14756e-10 2.14756e-10 2.14756e-10 2.14756e-10 2.14756e-10 2.14756e-10 2.14756e-10 1
0.0586503 0.0256222 0.0825323 0.0250584 0.0501478 0.0326777 0.0239749 0.0252079 0.0388255 0.0975565 0.0291055 0.0326845 0.047759 0.182097 0.0273848 0.0333217 0.0266947 0.0479955 0.0241143 0.0885892
0.0287727 0.0253488 0.0224639 0.0623376 0.0389715 0.112451 0.0232803 0.0439599 0.0233702 0.0537103 0.0249273 0.0254713 0.0226576 0.0929544 0.0239557 0.0316178 0.0901982 0.0338459 0.147436 0.0722703
0.0435177 0.0279438 0.0293665 0.0555692 0.0254415 0.0399345 0.0253935 0.0385375 0.0266232 0.0360965 0.0320161 0.0245747 0.0245217 0.0807841 0.0398572 0.0257137 0.138802 0.0261313 0.233026 0.0261501
0.0240863 0.0435453 0.210574 0.0350333 0.0395485 0.0328334 0.0235543 0.0414151 0.0480672 0.0262709 0.0237683 0.0650953 0.0555608 0.0632999 0.0270446 0.0265574 0.0322472 0.0532735 0.0483524 0.0798721
0.0285531 0.0257272 0.0348839 0.0261432 0.0248781 0.0272708 0.0294448 0.0244491 0.03974 0.0527448 0.0254677 0.0247091 0.0244084 0.0649025 0.0252582 0.0253681 0.2024 0.0247814 0.218677 0.050192
0.0184389 0.0206799 0.598187 0.0237336 0.0179885 0.019103 0.0193995 0.0178977 0.0188376 0.0188541 0.0198067 0.0179642 0.0179047 0.0196223 0.0180393 0.0184864 0.0202757 0.0199935 0.0306693 0.0441184
0.0241538 0.0398574 0.0305815 0.0521605 0.0293985 0.20885 0.0319256 0.123098 0.0258252 0.0760975 0.0258597 0.0257327 0.0244901 0.0673059 0.0303019 0.0295552 0.0277494 0.0436447 0.0558581 0.0275538
0.0175821 0.110943 0.0181849 0.0206183 0.450645 0.017607 0.0175498 0.0183204 0.0183036 0.0629581 0.0483336 0.0177088 0.0183885 0.0178246 0.0179386 0.0557959 0.0176133 0.0178608 0.0175552 0.0182678
0.0245389 0.0290855 0.0261897 0.0292453 0.0416555 0.0326251 0.0243867 0.0564899 0.033249 0.0596011 0.0253846 0.351801 0.0290089 0.024814 0.0241765 0.024897 0.0275071 0.0283266 0.0423285 0.0646891
0.0196815 0.0202239 0.0200284 0.0690831 0.0220516 0.0535365 0.0607887 0.0220732 0.121715 0.0664388 0.0258855 0.0197164 0.0277938 0.0919261 0.0293373 0.0214782 0.0870166 0.0436611 0.0227417 0.154823
0.0264432 0.0435333 0.0270931 0.139274 0.0330131 0.0416938 0.0257168 0.0458677 0.161728 0.0543429 0.0299804 0.0245209 0.0269563 0.0423807 0.0747365 0.0419817 0.0785822 0.02459 0.0247524 0.0328137
0.0368205 0.0276085 0.0417573 0.0495571 0.0250028 0.029803 0.107031 0.0250339 0.0248237 0.0525983 0.0597031 0.0246901 0.024776 0.178689 0.0247088 0.0272137 0.0509725 0.0579899 0.0493357 0.0818843
0.0495659 0.0393679 0.0317084 0.0257044 0.107613 0.0280119 0.0250581 0.0328854 0.0589133 0.08499 0.0458293 0.025243 0.0285462 0.0329693 0.0266463 0.051075 0.0280982 0.0917548 0.0867776 0.0992418
0.0243001 0.0244796 0.0319747 0.024471 0.0245106 0.0398122 0.0322616 0.0245087 0.271173 0.0292443 0.0244017 0.225006 0.0269388 0.0284233 0.0242749 0.0317768 0.0242208 0.0356384 0.0241936 0.0283897
0.0312997 0.0251528 0.0741732 0.0294805 0.0241383 0.0239456 0.0264001 0.0236697 0.0242641 0.0308104 0.0245923 0.0234851 0.0235895 0.228471 0.0388501 0.0236795 0.230308 0.0241819 0.0251327 0.044375
0.0226283 0.0258604 0.0401156 0.0341328 0.0406165 0.0362404 0.0235347 0.0266862 0.440197 0.0250623 0.0234546 0.0345158 0.0334673 0.02471 0.0421231 0.0245463 0.0234571 0.0231033 0.0226063 0.0329416
0.0195299 0.0215687 0.0194641 0.0684491 0.0186635 0.0410835 0.151375 0.0263196 0.0195631 0.0551594 0.020131 0.0182551 0.0182998 0.260833 0.0182457 0.0187533 0.0551623 0.0364127 0.0330563 0.0796742
0.0397027 0.0321493 0.209398 0.150348 0.0261061 0.0658458 0.0793364 0.0251776 0.0261024 0.0262487 0.0314792 0.0242774 0.0245153 0.0528081 0.0249383 0.0268381 0.027756 0.0251585 0.0565114 0.0253025
0.0293902 0.0313921 0.0342933 0.103674 0.0261392 0.0666419 0.144095 0.0350001 0.0614255 0.0345417 0.028279 0.0270547 0.0299493 0.0555656 0.0334057 0.0280053 0.104965 0.0272098 0.0697903 0.0291817
0.0291106 0.0448697 0.0292206 0.0717926 0.0590105 0.0662191 0.0253296 0.0609737 0.0276353 0.0596189 0.0388458 0.0351434 0.0255698 0.0825593 0.0421247 0.0771056 0.0656691 0.0379597 0.0888424 0.0323997
0.0437661 0.0244045 0.181331 0.0268729 0.0245214 0.0241547 0.0395434 0.0241261 0.108977 0.0312094 0.0247107 0.0241065 0.0242747 0.0493593 0.1836 0.0526208 0.0387983 0.0242337 0.0245932 0.0247972
0.0207783 0.0245492 0.0209465 0.0205015 0.0212166 0.0731855 0.0423701 0.0611989 0.0210687 0.104549 0.0218392 0.202423 0.0246012 0.107548 0.0204663 0.0216611 0.0221384 0.0825644 0.021293 0.0651009
0.0332415 0.0254401 0.027787 0.0972496 0.0247703 0.221447 0.110562 0.0248884 0.0309642 0.0358176 0.0288012 0.0247642 0.0246324 0.0393639 0.024473 0.0456807 0.100367 0.0248824 0.0275675 0.0273007
0.0258542 0.0242501 0.0309324 0.0233439 0.0230066 0.136213 0.0235099 0.0270359 0.0230248 0.0788718 0.0239677 0.0240102 0.022545 0.111259 0.0228403 0.0261359 0.145837 0.0280078 0.130228 0.0491263
0.0614908 0.0648489 0.054263 0.0352485 0.0390905 0.0354545 0.0366888 0.0696536 0.0325523 0.039835 0.069597 0.106888 0.0468923 0.0352289 0.0513117 0.0419464 0.0319565 0.0393415 0.0628615 0.0448508
0.0253784 0.0462646 0.0650753 0.0240784 0.183301 0.0239086 0.0238682 0.049504 0.0262034 0.0398093 0.0816118 0.0242507 0.0247859 0.025679 0.0245698 0.046309 0.0238984 0.0565878 0.0688178 0.116099
0.0335632 0.0301337 0.0258019 0.0350014 0.0240038 0.127105 0.0243382 0.174606 0.023925 0.0954725 0.0255401 0.0251433 0.023288 0.131994 0.0237721 0.0234404 0.0270113 0.0485745 0.0484583 0.0288266
0.022515 0.027249 0.0261305 0.0220881 0.346062 0.0493512 0.0219896 0.0238045 0.0256292 0.0397353 0.0225889 0.0601518 0.0885265 0.0346952 0.0241682 0.0521008 0.0246926 0.0226432 0.0268108 0.0390678
0.034523 0.0385264 0.0259531 0.0316842 0.0431588 0.0673212 0.0444063 0.0304171 0.0251873 0.106715 0.0354376 0.0266041 0.0344214 0.126534 0.0469498 0.026392 0.0786698 0.0601109 0.0607441 0.0562444
0.0286253 0.0232773 0.023311 0.0981658 0.0395573 0.039106 0.0323796 0.103565 0.170821 0.0726219 0.0233574 0.0263614 0.0242608 0.0308165 0.0224574 0.0226175 0.0249592 0.0222939 0.0224538 0.148992
0.0625202 0.0321874 0.0296788 0.0395854 0.0249848 0.0709056 0.0300088 0.0518349 0.0245235 0.0431241 0.0588148 0.0385637 0.0278447 0.0470038 0.0246617 0.0352416 0.0312302 0.108746 0.147622 0.0709174
0.0276837 0.0269812 0.0251872 0.0725037 0.0254494 0.122098 0.0402133 0.102928 0.0385812 0.0432452 0.0280131 0.0274633 0.0250691 0.0899276 0.0260411 0.0253848 0.062873 0.0255542 0.109797 0.0550059
0.0422158 0.0460137 0.0294122 0.0430754 0.0462805 0.0421035 0.0302363 0.0321726 0.044852 0.0642353 0.0359218 0.0853975 0.117438 0.0346523 0.0344248 0.0536383 0.0524608 0.0662119 0.0373538 0.0619039
0.046878 0.0739886 0.0407719 0.0370084 0.0263044 0.0275662 0.0256882 0.0456149 0.0443314 0.05694 0.151768 0.0249267 0.0309962 0.0290645 0.0375218 0.172568 0.0262872 0.0281072 0.0326172 0.0410506
0.0435839 0.0786178 0.149344 0.0289381 0.0937122 0.0263705 0.0283638 0.025479 0.0270156 0.0597421 0.066959 0.0250208 0.0340531 0.0408553 0.0729602 0.047354 0.0251376 0.0467313 0.0408203 0.0389418
0.0360551 0.024666 0.0411951 0.0256173 0.0245895 0.0249593 0.024181 0.0238461 0.0314945 0.0380412 0.0298014 0.0236457 0.0236978 0.0792962 0.0295283 0.066023 0.200633 0.0286317 0.195113 0.0289849
0.0246222 0.0267313 0.396444 0.0265584 0.0281187 0.0263243 0.0343038 0.0289821 0.0270609 0.052827 0.0436281 0.0241626 0.0262295 0.0499458 0.0248832 0.0275985 0.0249914 0.0324765 0.0240511 0.0500606
0.0397989 0.0602619 0.0332622 0.0430091 0.069049 0.0509878 0.0394434 0.0356706 0.0905889 0.0500407 0.0616383 0.0481755 0.0453953 0.035601 0.0509978 0.0871759 0.0390702 0.0432134 0.0347747 0.0418453
0.0334062 0.0310958 0.144083 0.0277724 0.0739466 0.0253897 0.0287043 0.0300537 0.0300573 0.0595454 0.0366907 0.0240558 0.0246299 0.0279562 0.0814882 0.0382638 0.120435 0.038791 0.0912139 0.032421
0.0256438 0.0252972 0.0232431 0.0306166 0.0509397 0.0278921 0.0254177 0.0302727 0.0330839 0.0367163 0.0272805 0.091313 0.0772796 0.0572985 0.0222952 0.0232506 0.0241941 0.186257 0.0474309 0.134277
0.0256648 0.0414982 0.0348604 0.125085 0.0321917 0.0781344 0.0705892 0.049406 0.0881534 0.0472061 0.0379656 0.0331026 0.0565633 0.0312933 0.0244896 0.0315152 0.0622743 0.0418706 0.0332219 0.0549142
0.0250326 0.0250293 0.0255262 0.0250727 0.0254936 0.0316643 0.0250007 0.0250457 0.0501198 0.0363282 0.0251801 0.417036 0.0441993 0.0558593 0.0250668 0.0251045 0.0288195 0.0252173 0.0312283 0.027976
1.78963e-10 1.78963e-10 1.78963e-10 1.78963e-10 1 1.78963e-10 1.78963e-10 1.78963e-10 1.78963e-10 1.78963e-10 1.78963e-10 1.78963e-10 1.78963e-10 1.78963e-10 1.78963e-10 1.78963e-10 1.78963e-10 1.78963e-10 1.78963e-10 1.78963e-10
0.0253291 0.0278631 0.0550004 0.0277053 0.0300456 0.0353127 0.0250831 0.0433292 0.0634628 0.126169 0.0352176 0.0303283 0.0340014 0.0709818 0.0254717 0.0664591 0.0260141 0.142881 0.0274792 0.0818657
0.0221412 0.0314318 0.240044 0.0216459 0.0339208 0.0213873 0.021615 0.0221171 0.0223987 0.112582 0.0335197 0.0213178 0.0227022 0.0696976 0.026497 0.108358 0.0217086 0.0224962 0.0928222 0.0315969
0.0240675 0.0336857 0.0613659 0.0246384 0.0258186 0.0238881 0.0238324 0.0242177 0.0740576 0.152261 0.0244953 0.0238412 0.0238481 0.0578011 0.028593 0.0413162 0.257283 0.0243524 0.0239718 0.0266648
0.0288701 0.0865786 0.452752 0.078597 0.0194306 0.0186073 0.017449 0.0173134 0.0176763 0.0200505 0.0177652 0.017328 0.0208927 0.0213963 0.0523846 0.0183116 0.0214593 0.0197831 0.03157 0.0217842
0.0254474 0.0543219 0.0301753 0.0511179 0.0472611 0.0534944 0.0325978 0.0844906 0.112655 0.0387121 0.0543069 0.112195 0.0471818 0.0362541 0.0406556 0.0334054 0.0284797 0.0436884 0.0323126 0.0412473
0.0406911 0.0279206 0.0436649 0.0582402 0.0284024 0.0386854 0.0245762 0.0330966 0.0370759 0.0779884 0.030711 0.0307682 0.0247585 0.0713882 0.0377241 0.0420595 0.0656539 0.0727892 0.152275 0.0615312
0.045066 0.0465226 0.0421522 0.0632688 0.0319745 0.0433479 0.0381548 0.0429362 0.052152 0.0397172 0.0479018 0.0335987 0.0266219 0.0441554 0.112156 0.0334349 0.0787368 0.026507 0.123745 0.0278502
0.0358367 0.0441412 0.0466002 0.033074 0.0491673 0.0508657 0.0303734 0.0630426 0.0317378 0.0437037 0.0462359 0.0475909 0.0909501 0.051266 0.0313481 0.0536501 0.0375167 0.0886325 0.0779969 0.0462702
0.0272417 0.0706398 0.0544142 0.0279348 0.0952151 0.0392461 0.0393427 0.0641678 0.0412015 0.0643693 0.0410904 0.0393335 0.0671884 0.0436821 0.0285269 0.0712558 0.028172 0.0591785 0.0258913 0.0719079
0.0302423 0.0507534 0.0565579 0.0542557 0.0527999 0.0656 0.0252315 0.0278706 0.026301 0.0415035 0.0619426 0.0273823 0.0593625 0.0622004 0.0646957 0.10246 0.0568859 0.0483023 0.0398554 0.0457965
0.0364448 0.0735987 0.037014 0.025319 0.0246383 0.0258162 0.0254339 0.0640829 0.0246103 0.078662 0.0279864 0.0337457 0.0244051 0.0250683 0.0244588 0.206298 0.0271862 0.0272687 0.116128 0.0718351
0.109335 0.0230409 0.224155 0.0227764 0.0228893 0.0227883 0.0547 0.0227609 0.0228337 0.027921 0.0228486 0.0227382 0.0227461 0.110499 0.0482703 0.0511949 0.0228725 0.0245889 0.0227776 0.0982631
0.0245313 0.024662 0.385194 0.0254312 0.0265791 0.0382811 0.0516568 0.0384114 0.0614733 0.0262483 0.0247134 0.0413289 0.02487 0.0283185 0.0242271 0.0256258 0.0244499 0.0264351 0.0482811 0.0292818
0.21941 0.027146 0.041877 0.0730057 0.0260731 0.0302149 0.0252603 0.0411177 0.0262444 0.0523678 0.0428721 0.0255251 0.0251875 0.0457001 0.106826 0.0674436 0.0251817 0.0249353 0.0258488 0.0477628
0.0284445 0.0411732 0.0983455 0.0250566 0.0958031 0.0240308 0.0237157 0.0369452 0.0314432 0.0410825 0.0373723 0.0330596 0.0257247 0.0327516 0.173149 0.115962 0.0260686 0.0322239 0.043278 0.0343694
0.0453344 0.0580385 0.0321584 0.0437781 0.0445859 0.0776493 0.0271196 0.0793787 0.042545 0.0548966 0.064048 0.0499735 0.0554235 0.0305627 0.0325796 0.050804 0.0505718 0.064627 0.0540984 0.0418269
2.14756e-10 2.14756e-10 2.14756e-10 2.14756e-10 2.14756e-10 2.14756e-10 2.14756e-10 2.14756e-10 2.14756e-10 2.14756e-10 2.14756e-10 0.628678 2.14756e-10 2.14756e-10 2.14756e-10 2.14756e-10 2.14756e-10 0.371322 2.14756e-10 2.14756e-10
0.0209015 0.0206964 0.452466 0.021075 0.0208217 0.0205681 0.0204087 0.0552662 0.0240961 0.0265803 0.0217121 0.0221256 0.0242723 0.117668 0.0214938 0.0218455 0.0204986 0.0238304 0.0209713 0.0227029
1.69544e-10 1.69544e-10 1.69544e-10 1.69544e-10 1.69544e-10 1.69544e-10 1.69544e-10 1.69544e-10 1.69544e-10 1.69544e-10 1.69544e-10 1.69544e-10 1.69544e-10 1 1.69544e-10 1.69544e-10 1.69544e-10 1.69544e-10 1.69544e-10 1.69544e-10
0.0251012 0.0530697 0.027335 0.0264434 0.0851832 0.0389693 0.0251208 0.0740238 0.0403547 0.0399769 0.035191 0.091752 0.154854 0.0285359 0.024653 0.049835 0.024539 0.0783441 0.0248439 0.0518739
0.0417202 0.0256465 0.134591 0.0287029 0.02701 0.0260643 0.0247128 0.0237983 0.0769795 0.0693648 0.0245997 0.0231005 0.0230949 0.15024 0.0274436 0.0597821 0.0359765 0.0348917 0.111033 0.0312478
0.0582952 0.0301106 0.0796818 0.033278 0.0429683 0.033351 0.0785819 0.0292793 0.0323357 0.0425505 0.0284237 0.0253902 0.0322154 0.0543779 0.0723407 0.0472055 0.0665747 0.0590284 0.115846 0.0381655
0.0214578 0.0222358 0.0288482 0.0255798 0.188846 0.036231 0.0213111 0.0815103 0.0920314 0.0588254 0.0556086 0.113504 0.0234345 0.0984795 0.0214782 0.023612 0.0213828 0.0213505 0.0216242 0.0226489
0.0332205 0.0282453 0.0298949 0.122422 0.0232532 0.185106 0.131216 0.0505886 0.0417893 0.0299492 0.0282958 0.0493401 0.025294 0.0363324 0.0232979 0.0244117 0.024725 0.029491 0.0227267 0.0604001
0.054196 0.0406709 0.0437381 0.0578271 0.0418925 0.0412241 0.0513152 0.0273821 0.0618761 0.0411792 0.0666392 0.0491939 0.0662885 0.034627 0.0701376 0.0394819 0.0586548 0.0681945 0.034052 0.0514293
0.0255557 0.115627 0.0758436 0.0227587 0.0488299 0.0215444 0.0222849 0.0219774 0.0225088 0.107652 0.0290542 0.021552 0.0227178 0.179696 0.0595733 0.0315023 0.0385975 0.0389623 0.0542411 0.0395215
0.027996 0.201522 0.0610664 0.0409646 0.0277138 0.0449172 0.0227257 0.0740701 0.0234745 0.0312542 0.0356446 0.0213466 0.0255939 0.107275 0.0219093 0.0253608 0.0515013 0.0546386 0.0213129 0.0797124
0.0431605 0.054512 0.0325193 0.0390501 0.048719 0.0468018 0.0311487 0.0601398 0.0416585 0.0413526 0.0580883 0.148243 0.0439927 0.039389 0.0394485 0.0386673 0.0352713 0.0456405 0.0604037 0.0517934
0.022461 0.0229326 0.0369185 0.0225733 0.0291079 0.196276 0.0257782 0.033679 0.0273945 0.0475217 0.0222785 0.159385 0.0233122 0.0728219 0.0287299 0.0227055 0.0368233 0.065548 0.0220269 0.0817262
2.14756e-10 2.14756e-10 2.14756e-10 2.14756e-10 2.14756e-10 2.14756e-10 2.14756e-10 2.14756e-10 2.14756e-10 2.14756e-10 2.14756e-10 2.14756e-10 1 2.14756e-10 2.14756e-10 2.14756e-10 2.14756e-10 2.14756e-10 2.14756e-10 2.14756e-10
0.022971 0.0840194 0.0318758 0.0270833 0.0244733 0.0676358 0.0227303 0.0553242 0.0708309 0.0252726 0.0234612 0.311462 0.0245891 0.0230464 0.0227435 0.0228824 0.0227324 0.0228458 0.0227273 0.0712936
0.0264002 0.0306785 0.0366512 0.0335829 0.0339349 0.0473067 0.0378514 0.0624265 0.0347518 0.0310866 0.0294396 0.209855 0.121414 0.0431329 0.0249794 0.0287368 0.0292762 0.0526862 0.0301144 0.0556945
0.0258512 0.0304017 0.0255329 0.0754916 0.0258885 0.0713181 0.0273879 0.0491141 0.0331685 0.0761969 0.0287535 0.0259168 0.024907 0.169666 0.0252105 0.0284485 0.0605326 0.0311436 0.134222 0.0308485
0.0361153 0.0735869 0.0399953 0.0312557 0.0900108 0.0385244 0.0369714 0.0329708 0.0736499 0.0352498 0.0558372 0.0314863 0.0907055 0.0464343 0.0408543 0.071976 0.0258894 0.0637158 0.0257869 0.058984
0.0341738 0.0475775 0.0226433 0.185549 0.0228597 0.0249112 0.0249426 0.0251392 0.0293407 0.0260945 0.299898 0.0225988 0.0226105 0.0386048 0.0579999 0.0229903 0.0229487 0.0227019 0.0232172 0.0231986
0.0247821 0.0454301 0.0349203 0.0802144 0.0412332 0.0792492 0.0244789 0.0527245 0.0421586 0.199504 0.0268055 0.0247337 0.0534164 0.0870862 0.0245395 0.0288143 0.0330886 0.027051 0.024535 0.0452347
0.0245589 0.0931243 0.0274502 0.0987418 0.0456038 0.0351306 0.0246924 0.039903 0.25898 0.0248165 0.0466325 0.0279059 0.0298956 0.0401469 0.0425244 0.0294671 0.0264114 0.0241979 0.0347268 0.0250896
0.0308849 0.0866071 0.0269623 0.143558 0.0235351 0.102173 0.0454765 0.026752 0.0239285 0.0331315 0.0378926 0.023207 0.0279079 0.0284448 0.0253956 0.0284076 0.206185 0.0258653 0.0235085 0.030176
0.0234025 0.0279935 0.0477732 0.0227475 0.0308402 0.0228124 0.0229414 0.0236923 0.0227625 0.031383 0.0233811 0.0243948 0.221843 0.198747 0.0227776 0.0250022 0.0228659 0.0271268 0.0227674 0.134745
0.0444389 0.0819986 0.0365111 0.0756655 0.0256827 0.0537411 0.0337176 0.0319153 0.0260507 0.064876 0.0891217 0.024851 0.0373434 0.0427492 0.0256187 0.040537 0.0405663 0.0857738 0.0799781 0.0588632
0.0656606 0.027442 0.0246513 0.0220572 0.0211365 0.0221071 0.0365046 0.0222627 0.0224542 0.0589387 0.0718853 0.0209066 0.0210377 0.10102 0.0270606 0.236406 0.0213439 0.0423618 0.0295108 0.105252
0.027224 0.0469356 0.0340407 0.037172 0.0509771 0.0365953 0.0341724 0.0542706 0.039134 0.0382518 0.0640062 0.209195 0.0900613 0.0419134 0.0375807 0.0347157 0.0251803 0.0346767 0.0252816 0.0386156
0.0251379 0.0688047 0.0249896 0.0331339 0.0401352 0.0427508 0.024881 0.0326243 0.307203 0.0502206 0.0400322 0.0402361 0.0260246 0.0413926 0.0387898 0.0297455 0.0267207 0.0257809 0.0290864 0.0523101
0.0231622 0.0172945 0.0177519 0.0175063 0.017299 0.0183359 0.017266 0.0172642 0.0173139 0.0295515 0.0172938 0.0172478 0.0172446 0.127095 0.0176488 0.0175342 0.20587 0.0172812 0.345065 0.0249735
0.031305 0.0299533 0.216033 0.0302839 0.0266356 0.0433889 0.0311712 0.0401033 0.147819 0.0479086 0.0268296 0.0276002 0.0333354 0.0575426 0.027423 0.0271211 0.0330237 0.0390983 0.0261003 0.0573235
0.0396869 0.0383891 0.0534951 0.025264 0.163917 0.0254447 0.0278645 0.0253302 0.029825 0.0300548 0.0282119 0.02551 0.113597 0.0331558 0.057897 0.0783223 0.0303028 0.0953114 0.0266748 0.0517455
0.0247971 0.039671 0.219347 0.052297 0.0248453 0.0501551 0.0243384 0.026975 0.0249547 0.0597616 0.0255981 0.0514086 0.0329141 0.136234 0.0240419 0.0253322 0.0324322 0.0284072 0.0684199 0.02807
0.0267534 0.0244711 0.120339 0.0218652 0.0243575 0.0206963 0.0632838 0.0497749 0.0204656 0.187012 0.0422022 0.0200649 0.0200181 0.0839648 0.0519868 0.0204279 0.022589 0.0234552 0.115523 0.0407494
0.0236834 0.0392452 0.0246881 0.0340549 0.0367234 0.0802136 0.0731971 0.0409091 0.0480689 0.0995768 0.0465114 0.0831778 0.0618296 0.0450098 0.0235701 0.0546511 0.0275053 0.055289 0.0243246 0.0777707
0.354896 0.023703 0.0644086 0.0208354 0.0235398 0.0208728 0.0208458 0.0208832 0.020841 0.0237566 0.0221784 0.0208668 0.0209151 0.0211636 0.0220193 0.070938 0.0209735 0.0661383 0.0622285 0.0779961
0.063832 0.0352677 0.0442416 0.0545501 0.0442445 0.0345544 0.0368038 0.0302267 0.0524036 0.0388275 0.0335816 0.026248 0.0305297 0.0420034 0.0735566 0.0483999 0.100999 0.0519981 0.119035 0.0386964
0.0248715 0.0410878 0.0281353 0.0354966 0.0650615 0.0639392 0.0245051 0.0467735 0.0548286 0.0519922 0.0324712 0.204806 0.0821393 0.0346159 0.0293353 0.034798 0.0296565 0.0444133 0.0240995 0.0469742
0.152733 0.029977 0.096767 0.0448909 0.0257461 0.0249862 0.0248842 0.0251221 0.0581304 0.0416153 0.0739768 0.0248029 0.0248611 0.0341102 0.114091 0.0860007 0.02645 0.0253167 0.0248696 0.0406689
0.0633349 0.0393302 0.0443301 0.051073 0.0471049 0.0470303 0.0658059 0.0375963 0.0438957 0.0331223 0.0365817 0.0523758 0.0932472 0.0432252 0.0543696 0.0380605 0.0658149 0.0622812 0.0382196 0.0432006
0.0233602 0.0232828 0.0228436 0.0227705 0.0249134 0.0837376 0.0228456 0.0242737 0.023082 0.0706644 0.0258914 0.252731 0.0238989 0.0673424 0.0227622 0.0233211 0.0229162 0.0463362 0.0230389 0.149988
0.0250018 0.0783289 0.0254012 0.0253953 0.128759 0.0252473 0.0250285 0.0250737 0.0252069 0.077883 0.0251731 0.0250241 0.0410402 0.0255931 0.025004 0.025498 0.0250672 0.0251943 0.0250029 0.296078
0.0622173 0.0423601 0.047904 0.0640611 0.0268297 0.0429035 0.0322643 0.0429907 0.0948257 0.044774 0.0686301 0.0267166 0.0255178 0.0605922 0.0465524 0.0569717 0.0691326 0.0307837 0.0709751 0.0429975
0.0520773 0.0388368 0.0421238 0.0380888 0.055925 0.0518129 0.0393719 0.0393747 0.033021 0.0437684 0.0338591 0.035649 0.0336434 0.0473317 0.113593 0.0473097 0.0721787 0.0533578 0.0854575 0.0432191
0.853833 1.78963e-10 1.78963e-10 1.78963e-10 1.78963e-10 1.78963e-10 1.78963e-10 1.78963e-10 1.78963e-10 1.78963e-10 1.78963e-10 1.78963e-10 1.78963e-10 1.78963e-10 0.146167 1.78963e-10 1.78963e-10 1.78963e-10 1.78963e-10 1.78963e-10
0.0440411 0.0399441 0.0352253 0.0244102 0.143347 0.0244218 0.0247521 0.0258515 0.0245751 0.074919 0.026471 0.028906 0.0432497 0.0664999 0.12365 0.0944236 0.0250427 0.0476437 0.0292344 0.0533917
0.125429 0.0505799 0.0473617 0.0501971 0.031889 0.0409848 0.0625505 0.0358537 0.0493168 0.0301611 0.0572657 0.039032 0.0306353 0.034006 0.0566361 0.0391243 0.0473057 0.0511714 0.0825327 0.037967
