6041 20
nan nan nan nan nan nan nan nan nan nan nan nan nan nan nan nan nan nan nan nan
0.0539427 0.0260858 0.0378581 0.0265725 0.0529105 0.0371263 0.0282688 0.0316024 0.0429461 0.0343549 0.0292347 0.0301993 0.0252164 0.0272859 0.037859 0.254841 0.0267614 0.127356 0.0384319 0.0311464
0.0551028 0.0271841 0.0357933 0.034795 0.326895 0.0275639 0.029103 0.0285417 0.0307512 0.029221 0.0299516 0.0299944 0.0265907 0.112385 0.0276754 0.0280407 0.028593 0.0289706 0.0327471 0.0301003
0.0323964 0.0289833 0.0496118 0.0353003 0.0340688 0.0532816 0.0311195 0.0452097 0.0267266 0.0299298 0.0325793 0.128056 0.0302781 0.253083 0.0282969 0.033202 0.0337922 0.0340325 0.0299022 0.0301503
0.0273548 0.0257865 0.501482 0.0248811 0.0267506 0.0253012 0.029356 0.0252193 0.0246004 0.0269838 0.0238213 0.0253426 0.0254918 0.0290731 0.0282486 0.0248365 0.0243663 0.0263843 0.0250828 0.0296365
0.0258714 0.0257078 0.0254751 0.0257711 0.0251939 0.0254744 0.0257038 0.0259832 0.0255058 0.0273308 0.0254654 0.0252043 0.0255123 0.0260503 0.512974 0.02542 0.0255515 0.0251761 0.0253926 0.0252362
0.0288102 0.0249542 0.0297117 0.0257306 0.029372 0.0264415 0.0251992 0.0261994 0.0285726 0.0288541 0.0315547 0.0284821 0.0279104 0.0266325 0.0278206 0.0758621 0.0329707 0.0560573 0.39204 0.0268247
0.0263485 0.0288391 0.0335194 0.0260013 0.023297 0.0236442 0.0284713 0.0243642 0.0225391 0.025914 0.0229588 0.024518 0.0236345 0.524918 0.0233031 0.0237694 0.0229939 0.0242496 0.0232398 0.0234768
0.516987 0.0251487 0.0254074 0.0254992 0.0254376 0.0252095 0.0255632 0.0255395 0.0260776 0.0255012 0.025086 0.0250891 0.0257177 0.0256056 0.025855 0.0251532 0.025335 0.0249763 0.0254297 0.0253811
0.506889 0.0247827 0.0260008 0.0262976 0.0257929 0.0266581 0.0258723 0.0273479 0.0249652 0.0285613 0.0254611 0.0250208 0.0264308 0.0265505 0.0266262 0.0254 0.0252076 0.0249614 0.0257688 0.025405
0.0387823 0.0320392 0.038368 0.0295637 0.0378544 0.042239 0.05273 0.0451161 0.0381322 0.0317539 0.0935164 0.0487025 0.0318533 0.0408818 0.0307593 0.107432 0.0470785 0.109814 0.0666179 0.0367656
0.032033 0.0255927 0.0263996 0.0264884 0.029038 0.0285179 0.0256681 0.483319 0.0278621 0.0266131 0.026794 0.0259449 0.0257973 0.0257741 0.0295323 0.0276116 0.0258391 0.02584 0.0286502 0.0266844
0.0322659 0.0305496 0.0589293 0.110567 0.025933 0.0287654 0.0280407 0.0401121 0.0227131 0.0453408 0.0269255 0.0205496 0.0271176 0.0233567 0.0304527 0.0209725 0.0249155 0.0246407 0.0228011 0.355051
0.0343629 0.0366108 0.0530406 0.0285954 0.0304584 0.0268037 0.211865 0.0274852 0.0259975 0.030849 0.0266062 0.035086 0.0315235 0.204008 0.0288286 0.0435547 0.0267546 0.0419677 0.0282377 0.0273638
0.0238732 0.0189934 0.0265949 0.0193605 0.0398125 0.0226766 0.0191351 0.0201865 0.0182007 0.503292 0.0184291 0.0194478 0.0223149 0.0186096 0.0293363 0.0182396 0.0183698 0.0187827 0.0213808 0.102964
0.237065 0.027267 0.0274923 0.21386 0.0263745 0.0261005 0.0283138 0.0328569 0.0273385 0.0707068 0.0308779 0.027324 0.0261585 0.031401 0.0266345 0.0292628 0.0301424 0.0266458 0.0284736 0.0257041
0.0299292 0.0261588 0.0246164 0.0256555 0.0253892 0.025093 0.0330688 0.0274736 0.0268782 0.467593 0.0277089 0.0286851 0.0251768 0.0294494 0.0255819 0.0318356 0.0404417 0.0264897 0.0282555 0.02452
0.0252686 0.0247773 0.0248652 0.0249716 0.0250273 0.0248676 0.527029 0.0248353 0.0249061 0.0248752 0.0248745 0.0247574 0.024963 0.024806 0.0251356 0.0247568 0.0247511 0.0247677 0.0248187 0.0249459
0.0508293 0.0299676 0.0456581 0.0367173 0.0451357 0.033311 0.0411834 0.0401757 0.0402077 0.0328648 0.0338189 0.0425102 0.0368689 0.057664 0.0357996 0.235569 0.034975 0.0454005 0.04837 0.0329738
0.028465 0.33691 0.0325532 0.0269137 0.0270266 0.0291585 0.0316044 0.028823 0.0261383 0.0434077 0.0273339 0.0292739 0.0263897 0.116853 0.0271587 0.0402263 0.0284543 0.0375697 0.0286332 0.0271067
0.0953222 0.0360653 0.0503478 0.0482919 0.0244065 0.0274939 0.18632 0.07825 0.0243357 0.0807235 0.0288838 0.0331579 0.0295646 0.0908178 0.0286819 0.0276536 0.0320093 0.0264892 0.0254409 0.0257443
0.0218455 0.0255032 0.0251177 0.0288857 0.020229 0.020342 0.0821278 0.0287735 0.02116 0.0367458 0.0443192 0.0231477 0.025735 0.0314378 0.0214161 0.396667 0.0832167 0.0224304 0.0202362 0.0206633
0.0281646 0.0333712 0.028163 0.0356181 0.0260974 0.0273893 0.0332039 0.436899 0.0256901 0.0258965 0.0280222 0.032651 0.0306673 0.0415161 0.0257799 0.0269928 0.0349631 0.026593 0.0258815 0.0264398
0.0305668 0.0338903 0.0320009 0.032987 0.0279689 0.0427196 0.419456 0.0303148 0.0264615 0.026752 0.0281112 0.0292473 0.0391044 0.0298529 0.0312764 0.0266092 0.0256876 0.0276706 0.0294617 0.0298607
0.0386046 0.0274836 0.0502198 0.0277327 0.165379 0.0852336 0.0322707 0.0414302 0.0322342 0.0407943 0.0705539 0.0543849 0.0313775 0.0329123 0.0363683 0.0347592 0.0312785 0.0348936 0.0988684 0.0332207
0.0279645 0.0252532 0.0272854 0.025666 0.0254195 0.0259354 0.493742 0.0290575 0.0248982 0.033486 0.0257097 0.0258358 0.0247748 0.0281943 0.0254709 0.0274802 0.0280702 0.0255571 0.0253437 0.0248557
0.0303222 0.0268552 0.0272991 0.0342409 0.0283414 0.0260927 0.0266619 0.0275479 0.0289851 0.025698 0.448416 0.0337919 0.0285018 0.0295545 0.0258633 0.0287966 0.0288292 0.0264436 0.0419382 0.0258207
0.0269912 0.0270405 0.0294946 0.0259486 0.027342 0.029104 0.0279964 0.0266927 0.0261371 0.0283944 0.0261261 0.0272551 0.0263367 0.0277188 0.0268765 0.0280023 0.026014 0.028646 0.0268705 0.481012
0.050198 0.0346875 0.0673195 0.0295199 0.0456658 0.167715 0.0355037 0.0369123 0.0368394 0.0359595 0.0310155 0.0328347 0.0307281 0.0298034 0.0560538 0.0327395 0.0268644 0.0384618 0.0427002 0.138478
0.0261182 0.0283524 0.476562 0.0364541 0.0262012 0.0247449 0.028864 0.0263613 0.0254758 0.0254437 0.0251181 0.0291307 0.0310346 0.0382587 0.0245702 0.0250757 0.0249064 0.0265908 0.0250138 0.0257234
0.0469844 0.0314213 0.029416 0.0244429 0.0295747 0.0297036 0.0254312 0.0257719 0.0243486 0.0350416 0.0242079 0.0231894 0.0234467 0.0245578 0.475251 0.0234266 0.0236058 0.0238154 0.0299674 0.0263958
0.0285525 0.0291896 0.0309368 0.0269571 0.0274345 0.369694 0.0282753 0.0292302 0.0270138 0.0282725 0.0465185 0.0466942 0.0266971 0.0307898 0.0261307 0.0313915 0.0288319 0.074967 0.0330759 0.0293471
0.0647004 0.0277983 0.0413564 0.0381929 0.0570795 0.0387657 0.030923 0.0351394 0.0312915 0.061037 0.0303682 0.0289358 0.028624 0.029646 0.232919 0.0312298 0.0278267 0.0317345 0.098682 0.0337503
0.0605072 0.0712138 0.0773673 0.0484308 0.072678 0.0394249 0.0436201 0.034276 0.0392275 0.0340238 0.0303522 0.0400274 0.0608796 0.0420595 0.0498138 0.033757 0.0291329 0.0668421 0.0432206 0.0831454
0.0263602 0.0265864 0.0261118 0.0254573 0.0259613 0.0301326 0.0255922 0.0285928 0.0254109 0.0259344 0.0314138 0.0655075 0.0257319 0.0255073 0.0255516 0.0262809 0.0284553 0.0257655 0.454323 0.0253234
0.0269151 0.0253215 0.0269795 0.0259138 0.0287563 0.0274523 0.0258963 0.0268387 0.0285309 0.0260608 0.029992 0.0277463 0.0264985 0.0264223 0.0279719 0.0302524 0.0272069 0.037886 0.0591942 0.438165
0.0580578 0.0351253 0.067633 0.0603451 0.0443846 0.0612567 0.0550214 0.0580004 0.0361177 0.0533875 0.0566384 0.0531936 0.0465736 0.066558 0.0553602 0.0378219 0.0361169 0.0357509 0.0457178 0.036939
0.0269474 0.0358631 0.0266898 0.0261897 0.0255345 0.0264567 0.0257325 0.0270525 0.0253985 0.0269119 0.0281828 0.0263585 0.0250807 0.0264697 0.0254256 0.0292006 0.0264798 0.0288625 0.485417 0.0257459
0.0287866 0.0249006 0.0250641 0.027722 0.0256672 0.0256483 0.0249715 0.0263579 0.02683 0.0260679 0.0329105 0.0253488 0.0253043 0.0254152 0.0258888 0.0337184 0.0259967 0.0257458 0.492768 0.0248874
0.0257937 0.0236603 0.0243214 0.0253832 0.0238752 0.0261707 0.0243592 0.034076 0.0237593 0.521996 0.0252666 0.0236744 0.0237051 0.0239764 0.0254659 0.0238407 0.0291054 0.0235289 0.0238919 0.0241494
0.0284892 0.0290753 0.0814809 0.0304351 0.0275183 0.0263256 0.048723 0.0296852 0.0270702 0.0290882 0.0280676 0.0396176 0.0312557 0.0618686 0.0257548 0.0414442 0.040554 0.314328 0.0288938 0.0303245
0.0546582 0.0558185 0.0462476 0.0313918 0.0306921 0.0293398 0.099386 0.0532237 0.0396084 0.0940776 0.0299731 0.0289597 0.0284854 0.0334231 0.0294445 0.133718 0.0279892 0.0333165 0.094452 0.0257949
0.0257849 0.0253733 0.0276195 0.0269053 0.0254107 0.0264021 0.493666 0.0260124 0.0250484 0.0253004 0.0256311 0.0348335 0.0262539 0.0333889 0.025121 0.0255909 0.0253881 0.0256444 0.0254227 0.0252031
0.026836 0.0216775 0.0243984 0.0229427 0.0276353 0.0368311 0.0227834 0.0251268 0.022449 0.448316 0.0800444 0.0419036 0.0220528 0.0229075 0.0233564 0.0250551 0.0244381 0.0236754 0.0350181 0.0225518
0.0323745 0.0444666 0.0415181 0.0295674 0.0296483 0.0420433 0.0582089 0.030148 0.0273072 0.0312962 0.0305111 0.0320044 0.0276876 0.042981 0.0284049 0.307667 0.0279627 0.0625398 0.0428151 0.0308482
0.0251089 0.0251572 0.0249516 0.0249247 0.0251837 0.0264747 0.025198 0.0262468 0.0261306 0.0251118 0.0329769 0.0253633 0.025161 0.0249847 0.0253852 0.0257981 0.0263977 0.0255817 0.508656 0.0252073
0.0239244 0.552341 0.0228832 0.0236862 0.024217 0.0244114 0.0230469 0.0235462 0.0239739 0.0234421 0.0228535 0.022927 0.0247883 0.0228338 0.026365 0.0228167 0.0234845 0.0226292 0.0227399 0.0230898
0.243992 0.021687 0.0434322 0.0222495 0.11349 0.0385279 0.0221243 0.0233333 0.0236633 0.0252561 0.0230476 0.0246911 0.0227957 0.0225834 0.103573 0.0230811 0.0210148 0.0280617 0.0557093 0.0976864
0.0486266 0.031221 0.0516999 0.0420828 0.0348067 0.0344593 0.0547866 0.0505857 0.0363655 0.0350073 0.0596619 0.0490699 0.0363668 0.0758039 0.0317316 0.0731453 0.116599 0.0535344 0.0474598 0.0369857
0.0325976 0.0298214 0.0864785 0.0312018 0.0303313 0.0310112 0.0435835 0.031041 0.0328313 0.0367644 0.0271381 0.0294224 0.0527725 0.278378 0.0374496 0.060704 0.0274169 0.0309818 0.0286878 0.0413875
0.0303501 0.0633397 0.0293244 0.0463275 0.0417417 0.0302285 0.0280671 0.032443 0.061056 0.308223 0.029347 0.0287974 0.032126 0.0301502 0.0353491 0.0347968 0.0330345 0.0347121 0.0411108 0.0294749
0.0479476 0.049306 0.0280876 0.0285281 0.0271023 0.0430157 0.0284539 0.0783899 0.028042 0.3028 0.0488279 0.0266213 0.02565 0.0278329 0.0349088 0.0450933 0.0372822 0.0291159 0.033686 0.0293086
0.0288551 0.0258721 0.0267535 0.0310411 0.025459 0.0252579 0.0259152 0.0269836 0.0257214 0.0294793 0.0256922 0.0255823 0.0260066 0.494482 0.0260862 0.0251598 0.029937 0.0249305 0.0256351 0.0251502
0.0501053 0.0632392 0.0388515 0.0522254 0.0423008 0.0358071 0.0558691 0.0404571 0.13129 0.0357977 0.0331552 0.0364098 0.0831295 0.0405112 0.0634764 0.0420962 0.0324284 0.0419502 0.0437508 0.0371493
0.0262749 0.0257294 0.0307449 0.0258766 0.0300989 0.453702 0.027054 0.0263259 0.0270484 0.0266492 0.0304643 0.0262621 0.0263422 0.0257375 0.0285346 0.0289222 0.0273863 0.0376357 0.0283819 0.0408293
0.391514 0.0251615 0.0457151 0.0277963 0.0288058 0.0262733 0.0285525 0.026472 0.0264593 0.0366309 0.0250839 0.0266315 0.0246464 0.0290624 0.0277015 0.0882875 0.0280301 0.0297257 0.0307115 0.026739
0.496121 0.0252715 0.0266067 0.0264378 0.0264333 0.0278319 0.0253251 0.0275202 0.0261299 0.0274371 0.0277074 0.0258717 0.026912 0.0257183 0.0285231 0.0260979 0.0256355 0.0253434 0.0267157 0.0263606
0.03316 0.0618256 0.0415025 0.0317025 0.0329408 0.0448706 0.0398139 0.0489723 0.0335928 0.242194 0.0295362 0.0296891 0.0350178 0.0306858 0.0654132 0.0693112 0.0329147 0.0351207 0.0285857 0.0331509
0.0419314 0.0428286 0.0549578 0.0377846 0.0474875 0.05062 0.197725 0.0473223 0.0333489 0.0362738 0.03363 0.0435451 0.0458757 0.0487876 0.0431946 0.0385448 0.0330188 0.0432066 0.0369536 0.0429633
0.0276984 0.0257347 0.0268047 0.025077 0.0299887 0.0266 0.0259772 0.025296 0.0265008 0.0269054 0.0257549 0.0257419 0.0253762 0.0255726 0.0270188 0.0261346 0.0248091 0.0589623 0.0385301 0.455517
0.0565622 0.0271311 0.03326 0.182237 0.0269391 0.0383253 0.0480953 0.0408527 0.0343855 0.0438518 0.0515164 0.0294647 0.0304683 0.0741018 0.0316719 0.0994748 0.0518343 0.034597 0.0375086 0.0277228
0.0281854 0.0250872 0.0231537 0.0450802 0.0228646 0.0229516 0.0259559 0.0263661 0.0257378 0.446399 0.0275102 0.0246177 0.0234943 0.0306028 0.0242329 0.0267191 0.0812845 0.0230171 0.0240494 0.0226908
0.0429882 0.0322302 0.0443937 0.0450498 0.0710671 0.0411801 0.0405062 0.0321526 0.137347 0.0306566 0.047222 0.0355485 0.0461548 0.033847 0.0399651 0.0359813 0.0338197 0.0543428 0.0678202 0.0877269
0.0281532 0.028484 0.0272869 0.0274924 0.0279958 0.0266052 0.0266902 0.0294681 0.0265067 0.476838 0.0266489 0.027356 0.0283397 0.0260589 0.0289058 0.0259173 0.0276889 0.0259199 0.0266632 0.0309806
0.0450685 0.118685 0.0548968 0.0456082 0.0292838 0.0284972 0.0472602 0.0535514 0.0316907 0.113079 0.0489621 0.0381467 0.0289547 0.121377 0.0289948 0.0350792 0.0331451 0.0405343 0.0302893 0.0268963
0.0937142 0.0254482 0.0344541 0.0301787 0.0313987 0.0290587 0.0278048 0.0280538 0.0277965 0.0305876 0.0331895 0.0522791 0.026693 0.357676 0.0263049 0.0322805 0.027704 0.0295368 0.0292143 0.0266269
0.0348042 0.0250249 0.11366 0.0239052 0.0342582 0.0285277 0.028619 0.0526337 0.0229342 0.258114 0.0436861 0.0289965 0.0222301 0.0291669 0.024603 0.032342 0.108434 0.0362317 0.025548 0.0262798
0.028246 0.0264432 0.0311669 0.0250615 0.434788 0.0261731 0.0252671 0.0247824 0.0265267 0.0254708 0.0258034 0.0250776 0.0260903 0.0256073 0.0276627 0.0262967 0.0247158 0.0450379 0.0286643 0.0711179
0.028634 0.0254564 0.0279176 0.0256361 0.0301136 0.409996 0.0279162 0.0335858 0.0357043 0.0354407 0.0287663 0.0259496 0.0292158 0.0263972 0.0426334 0.0281566 0.025713 0.0376988 0.0425198 0.0325492
0.490198 0.0243638 0.025208 0.0252294 0.0297688 0.0254966 0.0249091 0.0252447 0.0318909 0.0253041 0.024879 0.0247342 0.0257449 0.0245859 0.0433901 0.0245146 0.024508 0.0250538 0.0278349 0.0271411
0.0250339 0.024469 0.024547 0.02664 0.0241867 0.0245006 0.0246722 0.0251484 0.0260034 0.528178 0.024579 0.0241566 0.0245201 0.0247633 0.0245468 0.0249408 0.0252466 0.0242646 0.0252963 0.0243064
0.0257932 0.0288595 0.0312988 0.0310343 0.0253075 0.0272215 0.0423196 0.0293208 0.02593 0.406617 0.0272431 0.0286589 0.0268856 0.0516672 0.0254842 0.027821 0.0561328 0.0306106 0.0252801 0.0265145
0.419529 0.0242526 0.0347407 0.0268996 0.0335989 0.0358485 0.0287366 0.0282513 0.0317399 0.0375481 0.0439636 0.0248427 0.0235822 0.0274932 0.0345278 0.0274534 0.0272739 0.0284237 0.0333415 0.0279527
0.0267588 0.0279237 0.0270116 0.0282364 0.0259264 0.0283374 0.0440572 0.0389477 0.0258171 0.0269142 0.0286221 0.0385268 0.0264821 0.444902 0.025842 0.0272425 0.0294582 0.0270608 0.0265386 0.0253939
0.0400634 0.0255909 0.0291369 0.0290154 0.0324403 0.0314203 0.0261191 0.0290993 0.0270863 0.031412 0.0267254 0.0251051 0.0279174 0.0254305 0.0384874 0.0261556 0.0253662 0.0305942 0.0293643 0.44347
0.0250635 0.0250327 0.0250411 0.0250521 0.0250154 0.0250611 0.0251328 0.0252012 0.0250282 0.0251054 0.0251773 0.0250348 0.0250154 0.0250762 0.0250254 0.523611 0.0252013 0.0250624 0.0250425 0.0250198
0.463403 0.0255975 0.0269607 0.0274555 0.0262229 0.0295206 0.0270544 0.0275073 0.0299149 0.0346544 0.0263203 0.0256772 0.0263387 0.0264583 0.0460977 0.0260421 0.0256257 0.0253388 0.0271038 0.0267063
0.0245477 0.0238167 0.0232721 0.0236795 0.0305934 0.0250927 0.023755 0.025616 0.0309786 0.525762 0.0239854 0.0269945 0.023012 0.0233119 0.0255029 0.0239105 0.0242742 0.0228427 0.0243086 0.0247432
0.0278108 0.0254637 0.0255282 0.0257546 0.0267611 0.349639 0.0256684 0.0281681 0.0305319 0.0266121 0.04292 0.0255641 0.0255892 0.0257338 0.0298029 0.0334387 0.0264471 0.139795 0.032186 0.0265851
0.0393336 0.0732571 0.0305905 0.0778198 0.0383046 0.0329482 0.0357677 0.0288675 0.0280735 0.259723 0.0250213 0.0256897 0.0278909 0.0377969 0.0425224 0.0360622 0.0263316 0.0352223 0.0281333 0.0706437
0.429708 0.0243976 0.0285046 0.0262972 0.0270535 0.0249683 0.0295807 0.025927 0.0255987 0.0328329 0.0282835 0.0245873 0.0233287 0.030078 0.0253952 0.0788039 0.027225 0.0291876 0.0324457 0.0257971
0.0248122 0.0251132 0.0281633 0.0250561 0.0250695 0.0259009 0.0254291 0.0280751 0.0243137 0.0264211 0.0244873 0.0247268 0.0259681 0.025099 0.0251652 0.0244932 0.0245552 0.0251505 0.0243604 0.51764
0.521651 0.025598 0.0249311 0.0274225 0.024583 0.0245834 0.0267503 0.0248294 0.0247112 0.0255644 0.0249038 0.0248501 0.0248657 0.0266217 0.0244608 0.0247751 0.0253427 0.0244501 0.0247491 0.0243566
0.0260699 0.0289192 0.0287046 0.0264279 0.0259652 0.0272816 0.0390775 0.0279408 0.0269618 0.30633 0.0283466 0.028008 0.0263725 0.0294826 0.0275018 0.183667 0.0272748 0.0290441 0.0306499 0.025974
0.0262107 0.0259904 0.459666 0.0531865 0.0218891 0.0248309 0.0458696 0.0451039 0.0214418 0.0373361 0.0235167 0.0251602 0.0226838 0.0280408 0.0226985 0.0224448 0.0258787 0.0231948 0.0221315 0.022725
0.0292135 0.0405902 0.0280655 0.0297844 0.0263756 0.0252972 0.0264008 0.0290027 0.0278545 0.457825 0.0270902 0.0283376 0.0262541 0.0279627 0.0283193 0.0286253 0.0297685 0.0297542 0.0270972 0.0263812
0.0311803 0.0326447 0.0308546 0.0286941 0.0254991 0.0247811 0.0314588 0.0256441 0.0281225 0.0396915 0.0306036 0.0248313 0.0283253 0.0321874 0.027042 0.397477 0.0283906 0.0358415 0.0573513 0.0393791
0.0326024 0.0276766 0.341628 0.0309825 0.0268745 0.0280635 0.0332225 0.0307569 0.0281477 0.0342348 0.0301909 0.0286845 0.0322876 0.103384 0.0345356 0.0336338 0.0303831 0.0317775 0.0334838 0.0274507
0.0270266 0.0257244 0.0300482 0.0248938 0.450458 0.0313406 0.0260568 0.0258853 0.0252804 0.0271256 0.0260762 0.0263034 0.0257228 0.0252414 0.0287394 0.0248469 0.0245209 0.0267895 0.0277452 0.0701741
0.0581307 0.0237499 0.203881 0.0333623 0.0417724 0.0394757 0.0248531 0.101601 0.0244944 0.0519375 0.0928857 0.0250732 0.0293898 0.0484417 0.0276888 0.0251484 0.044209 0.0293294 0.0359336 0.0386429
0.0465467 0.029464 0.0331078 0.300668 0.0287793 0.0343896 0.0319788 0.0638255 0.0324703 0.0341357 0.0617753 0.029615 0.0338886 0.0400615 0.0322915 0.0308248 0.0498093 0.0275148 0.0300677 0.0287865
0.0274121 0.0257225 0.0311833 0.0253518 0.027398 0.480527 0.0259133 0.0270296 0.0254116 0.0279928 0.0273683 0.0262093 0.0257534 0.0265468 0.0268678 0.0257074 0.0257662 0.0307854 0.0298289 0.0312249
0.0383801 0.0311622 0.032118 0.0366227 0.0301141 0.0323756 0.0376208 0.0430477 0.0334215 0.0396729 0.039987 0.0382037 0.0304419 0.047902 0.0289122 0.297544 0.0474461 0.0478664 0.0389135 0.0282479
0.0250845 0.0251269 0.0253681 0.0252104 0.0250495 0.0251913 0.0256106 0.02525 0.0250905 0.0251627 0.0251314 0.025295 0.0252338 0.519962 0.0250727 0.0261821 0.0252351 0.0255002 0.0251452 0.025098
0.0245356 0.503036 0.0263259 0.0248867 0.0251022 0.0257431 0.0282369 0.0257284 0.0254138 0.0258204 0.0250756 0.0274357 0.0283866 0.0250973 0.0248774 0.0314767 0.0250685 0.0274795 0.0249699 0.0253036
0.402583 0.0259151 0.0319314 0.0294255 0.0273623 0.0288142 0.0288475 0.0309652 0.0267797 0.0294962 0.0298507 0.0266663 0.0275779 0.0871378 0.0302301 0.0263537 0.0290529 0.026845 0.0271205 0.0270449
0.288961 0.0259024 0.0833356 0.0286987 0.0452754 0.0409757 0.0302265 0.0292402 0.0290187 0.0401803 0.0389435 0.0325617 0.0258084 0.031334 0.0316899 0.0400106 0.026561 0.0518998 0.04828 0.0310966
0.0247032 0.024697 0.0247942 0.0246315 0.0247856 0.0247692 0.0246703 0.0246547 0.0248529 0.0246678 0.0246454 0.0246238 0.0247056 0.0246378 0.0247408 0.024753 0.0246142 0.0250458 0.0247494 0.530257
0.03126 0.0232693 0.470345 0.0225391 0.0259585 0.0306626 0.0254023 0.0251028 0.020169 0.0239547 0.0254417 0.0254821 0.0238686 0.0352775 0.021997 0.0275048 0.0433755 0.0406514 0.0299488 0.0277896
0.0410326 0.0273833 0.0410724 0.0325506 0.0400991 0.0490188 0.0293935 0.0418724 0.0345961 0.305486 0.0400421 0.0325085 0.0329534 0.0281924 0.0382364 0.0444273 0.0359397 0.0396665 0.0325215 0.0330069
0.0437342 0.0296496 0.0720835 0.0312538 0.0358108 0.0315339 0.0407737 0.0290963 0.0301035 0.0315228 0.0302582 0.0329324 0.030421 0.323409 0.0388396 0.0304399 0.0306341 0.0366993 0.0330155 0.0377893
0.0242747 0.024321 0.0245126 0.024405 0.0242043 0.0242236 0.0246937 0.0243898 0.0242924 0.0243812 0.0243533 0.0246648 0.0243339 0.536535 0.024191 0.0245574 0.0246492 0.0244971 0.0242924 0.0242273
0.0280784 0.0265011 0.0302329 0.0284055 0.0299289 0.0302246 0.030233 0.0289729 0.0327103 0.249772 0.0348613 0.0351584 0.0285971 0.0307196 0.0313752 0.029144 0.0291574 0.0349446 0.0349858 0.195997
0.0251836 0.0259455 0.025389 0.0254631 0.0251479 0.0252938 0.0257938 0.0253994 0.0251689 0.0255334 0.0252428 0.0252299 0.0253016 0.516963 0.0252654 0.0257061 0.0254784 0.0257892 0.0252126 0.0254926
0.0274148 0.0270154 0.0281807 0.0296936 0.0266545 0.026309 0.0274767 0.026922 0.0282735 0.477777 0.0267357 0.0261948 0.0278108 0.0284417 0.0284273 0.0269606 0.0271968 0.0258159 0.0262216 0.0304777
0.0260567 0.0284741 0.474463 0.031448 0.0269537 0.0259122 0.0310722 0.0261777 0.0273696 0.0294408 0.025236 0.0272434 0.0280375 0.0325588 0.0271923 0.0259406 0.0276707 0.0265425 0.025989 0.0262209
0.0247458 0.0241914 0.0250217 0.0234466 0.026147 0.0270636 0.0245735 0.0245629 0.0237275 0.024299 0.026064 0.0250588 0.0235861 0.0239605 0.0248273 0.0255748 0.023858 0.0276238 0.526537 0.025131
0.0257652 0.0258282 0.0279919 0.0264265 0.0273945 0.0264069 0.0259476 0.0255728 0.0256694 0.0253127 0.0263851 0.0256454 0.0263395 0.0272043 0.0255033 0.028423 0.0281912 0.034247 0.0262134 0.489532
0.035077 0.135153 0.0468709 0.0362667 0.0290648 0.0789533 0.0409858 0.0449987 0.0323476 0.0901709 0.0351664 0.0378479 0.0416075 0.0624083 0.0830665 0.0330332 0.0344583 0.0334197 0.0364743 0.0326292
0.0265371 0.0264258 0.0302057 0.0263042 0.0264886 0.0328781 0.0378504 0.0316179 0.0255734 0.0271023 0.0310593 0.030987 0.0257876 0.0306128 0.0260975 0.0545744 0.0326432 0.418503 0.0307044 0.0280471
0.038247 0.0306492 0.0298036 0.426498 0.0268362 0.0275077 0.028633 0.0344585 0.0276438 0.0409421 0.029894 0.0297621 0.0301506 0.0313632 0.0317186 0.0269703 0.0295036 0.02575 0.026796 0.0268727
0.492502 0.025051 0.0257971 0.0258396 0.0270174 0.0280575 0.0257766 0.0273268 0.0267271 0.0256376 0.0312327 0.0257587 0.0254472 0.0260481 0.0279297 0.0257529 0.025506 0.0254441 0.0316289 0.0255189
0.0256104 0.0267828 0.0273477 0.0252813 0.0262959 0.0276808 0.0271638 0.0264447 0.0253027 0.0275707 0.0252057 0.024757 0.0260642 0.024867 0.0271127 0.335191 0.0246723 0.0304989 0.0254821 0.190669
0.0318984 0.0559305 0.025963 0.0379976 0.024531 0.0238494 0.11199 0.0266764 0.0266598 0.347756 0.0264984 0.0308853 0.0260419 0.0380007 0.0247409 0.0294293 0.0325188 0.0249854 0.029835 0.0238115
0.0258689 0.0255445 0.0259918 0.02516 0.0267498 0.0281758 0.026374 0.0258832 0.0258037 0.0291471 0.0258099 0.0258562 0.0259404 0.0250859 0.0268163 0.497373 0.0251072 0.0287651 0.0266997 0.0278472
0.0360196 0.142187 0.0340209 0.0445061 0.0290584 0.0319504 0.0520106 0.0351023 0.0285178 0.230363 0.0298725 0.0350434 0.0318667 0.0452259 0.0325216 0.0351951 0.034535 0.035727 0.0282764 0.0280003
0.026851 0.067662 0.0367495 0.0356945 0.0271879 0.0280525 0.0865417 0.0331127 0.0292969 0.270921 0.0286563 0.0414102 0.0334131 0.0469246 0.0274083 0.0507843 0.0415062 0.0330439 0.0282457 0.0265376
0.0310069 0.163931 0.0424017 0.0372354 0.0321813 0.0349538 0.107709 0.0351223 0.0305977 0.032448 0.0307158 0.0516398 0.0415122 0.10271 0.0289843 0.0521544 0.0409004 0.0421794 0.0309823 0.0306335
0.026744 0.0249353 0.0377132 0.0251765 0.0267082 0.0296558 0.0268863 0.0269863 0.0251498 0.0255204 0.0275131 0.0268719 0.0252098 0.475589 0.0258347 0.0252741 0.0250873 0.0279473 0.037697 0.0275002
0.0246036 0.0248233 0.0241104 0.0246119 0.0242528 0.0245905 0.0247128 0.0260304 0.0249477 0.028251 0.0266822 0.025175 0.024159 0.0246185 0.0251665 0.5235 0.0262286 0.0243948 0.0248938 0.0242477
0.0449522 0.0405463 0.223917 0.0305548 0.0429504 0.0685363 0.0310213 0.0375831 0.02831 0.0423404 0.0282251 0.0345088 0.0339575 0.0281521 0.0660192 0.0267634 0.0289915 0.029824 0.0286451 0.104201
0.0254263 0.040826 0.0252677 0.0256484 0.0245602 0.0252803 0.497708 0.0271136 0.0251879 0.0252602 0.0260323 0.0272386 0.0257162 0.0257054 0.0247093 0.025847 0.0264691 0.0263554 0.0248895 0.0247586
0.0254149 0.0236332 0.0374195 0.0254997 0.0245334 0.0257396 0.0273182 0.0294013 0.0229325 0.0336112 0.0239709 0.0269574 0.0239041 0.503108 0.0241727 0.0236476 0.0243144 0.0250135 0.0234616 0.0259464
0.0555381 0.0472406 0.052729 0.110123 0.0553099 0.0390412 0.0329918 0.0389712 0.057972 0.0403853 0.0404695 0.0697352 0.0789052 0.0500452 0.0342175 0.0327454 0.0397958 0.0390655 0.0394707 0.0452481
0.434067 0.0244132 0.0267423 0.0315988 0.0329684 0.0279862 0.0257454 0.0259673 0.0567258 0.0296609 0.026418 0.0251841 0.029166 0.028194 0.0424546 0.0269387 0.0252295 0.0246115 0.0296016 0.0263264
0.0274766 0.0279823 0.488947 0.0278171 0.0258613 0.0259559 0.0272096 0.0263326 0.0267203 0.0283143 0.0259359 0.0269364 0.0280336 0.028236 0.0262507 0.0259136 0.0270832 0.0265613 0.0257916 0.0266403
0.0282828 0.0257209 0.0403051 0.0256077 0.0271517 0.0293395 0.0279225 0.0260368 0.0321533 0.0274396 0.0261778 0.0266611 0.0292885 0.0326765 0.035082 0.0273616 0.0264944 0.0326706 0.443192 0.0304357
0.165928 0.0334393 0.0745319 0.0415227 0.029111 0.0293215 0.116014 0.0315601 0.0328771 0.0485711 0.0315951 0.0288004 0.0336152 0.091575 0.0510189 0.0372039 0.0291266 0.0308098 0.0305847 0.0327936
0.0277593 0.0353451 0.0540354 0.0255774 0.0246192 0.031214 0.0373808 0.0317256 0.0325236 0.0382989 0.0568673 0.0240529 0.027547 0.0322359 0.030087 0.0378516 0.0279622 0.359151 0.030615 0.0351512
0.0309762 0.0281788 0.0588238 0.392174 0.027209 0.0319116 0.0324787 0.0305758 0.0253834 0.0284798 0.0272089 0.0333488 0.0319692 0.0573952 0.0281703 0.0262794 0.0258991 0.0277618 0.0263422 0.029434
0.0252682 0.0253876 0.0286112 0.0251925 0.0253936 0.025147 0.025827 0.0251214 0.0250515 0.0252658 0.0251062 0.0254849 0.0252706 0.515225 0.0251219 0.0252283 0.0256332 0.0257198 0.0255045 0.0254394
0.0283421 0.0268 0.0279615 0.0269595 0.0293832 0.0307368 0.0280326 0.0289938 0.0270414 0.0265729 0.0263227 0.0272339 0.0303017 0.0268223 0.473616 0.0269497 0.0256689 0.0266176 0.0278816 0.0277618
0.0258502 0.0269575 0.025174 0.0250626 0.0253465 0.413505 0.0253147 0.110315 0.0256676 0.0279025 0.0323922 0.0295789 0.0249686 0.025336 0.0255516 0.0274167 0.0269466 0.0255568 0.02633 0.0248269
0.396556 0.0294426 0.0273073 0.0365389 0.0430086 0.027816 0.0261375 0.0283984 0.0332332 0.0442054 0.0347277 0.0384215 0.0273381 0.0273053 0.0292319 0.0282784 0.0269324 0.0274261 0.0416901 0.0260048
0.0272539 0.0249498 0.0250849 0.0265224 0.0248811 0.0263445 0.0273758 0.0271915 0.0253953 0.030366 0.0264061 0.0250345 0.0250753 0.503255 0.0270186 0.025713 0.026043 0.0255138 0.0251968 0.0253782
0.0240172 0.0252248 0.0238889 0.0239756 0.0237518 0.02548 0.0241056 0.0252205 0.0238462 0.535989 0.0251828 0.0241284 0.0237384 0.023759 0.024462 0.0251099 0.0249407 0.0250443 0.0241525 0.023982
0.028411 0.037027 0.0282675 0.0273698 0.0282431 0.0357431 0.0327437 0.0412086 0.0373541 0.0270513 0.035564 0.0328779 0.0332363 0.0273504 0.322844 0.0644748 0.0299879 0.0713052 0.0303584 0.0285825
0.136701 0.0316061 0.0289805 0.0392783 0.0298992 0.0275127 0.0339708 0.029007 0.0306725 0.115234 0.0364073 0.0285261 0.031803 0.184538 0.0300806 0.0342117 0.0307282 0.0295206 0.0642162 0.0271055
0.0352229 0.0280853 0.0434304 0.0389224 0.0281464 0.0289443 0.0324325 0.0293881 0.0282406 0.0318128 0.026523 0.0280932 0.0415639 0.0312165 0.38309 0.0272213 0.0267182 0.0288977 0.0270481 0.0550021
0.029735 0.0454067 0.0622733 0.0275962 0.0317294 0.0534874 0.25735 0.0337881 0.0294874 0.0282522 0.0275003 0.0324709 0.0422546 0.0300733 0.043935 0.0931152 0.0263513 0.0399496 0.0292683 0.0359761
0.0274801 0.0260149 0.0297147 0.0263546 0.026084 0.0272467 0.027881 0.0280465 0.0285067 0.0449814 0.0258983 0.0254247 0.0245915 0.0289927 0.0301983 0.0265784 0.025777 0.02975 0.0332178 0.457261
0.0767905 0.0217439 0.0318775 0.0224711 0.027802 0.0260436 0.0270637 0.022746 0.023043 0.035083 0.0234058 0.0250238 0.0232492 0.0285798 0.0237036 0.0231561 0.0221295 0.0301049 0.0675954 0.418388
0.152718 0.0239435 0.0727199 0.0254941 0.0293902 0.0409644 0.0349796 0.0514166 0.0250501 0.217758 0.0259797 0.0286881 0.0246238 0.0275702 0.0506268 0.0499227 0.0238058 0.0360228 0.0287985 0.0295266
0.377461 0.0254524 0.0308479 0.0298743 0.0271601 0.0295441 0.0275261 0.0368841 0.026513 0.0801269 0.0320645 0.0271429 0.0253969 0.0545758 0.0279189 0.0270388 0.0274397 0.0260863 0.0357861 0.0251597
0.144592 0.0246633 0.032028 0.0319019 0.026363 0.0253159 0.115553 0.0269022 0.0240085 0.279363 0.026478 0.0250466 0.0241036 0.0310838 0.0287605 0.0301346 0.0282744 0.0252372 0.0266368 0.0235533
0.0244808 0.0233348 0.0236963 0.0243861 0.0277344 0.0255128 0.0289695 0.0287426 0.0252697 0.513209 0.0248734 0.0277606 0.0240438 0.0247853 0.0268858 0.0311224 0.02458 0.0234067 0.0240528 0.0231532
0.0385835 0.0320726 0.043771 0.0320262 0.0588987 0.0524892 0.0376483 0.0329525 0.0390486 0.0341116 0.0395844 0.0409544 0.0400382 0.0343757 0.043896 0.0536941 0.0286273 0.155599 0.0699666 0.0916625
0.027216 0.0249496 0.0256725 0.0257307 0.0255311 0.0256123 0.0252772 0.0257556 0.0254381 0.0254949 0.025357 0.0252865 0.0250074 0.515519 0.0256504 0.025234 0.02517 0.0250086 0.0257495 0.0253399
0.0411736 0.0335516 0.0373358 0.0542893 0.0361559 0.0307385 0.0485737 0.0327485 0.03855 0.0320367 0.0480528 0.0647922 0.0369996 0.163862 0.0283148 0.0784794 0.0679369 0.0470866 0.0469098 0.0324125
0.0576912 0.0297103 0.0514694 0.0656068 0.0490248 0.0605542 0.0381988 0.0427942 0.0379051 0.038947 0.0339704 0.0408423 0.0731231 0.0564576 0.150378 0.0298861 0.0302423 0.0327834 0.0381328 0.0422825
0.0564002 0.0287918 0.0307397 0.0264793 0.416189 0.0338269 0.0269823 0.0308714 0.0284205 0.0319834 0.0286904 0.0260959 0.026554 0.0266193 0.0367726 0.02752 0.026118 0.0294058 0.0324898 0.0290493
0.048597 0.0313728 0.0378057 0.0410322 0.0371172 0.0853027 0.0640937 0.0687615 0.0432719 0.0403058 0.0656771 0.0427768 0.0441688 0.0405016 0.0598974 0.0326983 0.0348734 0.0316363 0.1163 0.0338095
0.0300252 0.0323172 0.0339185 0.0317162 0.0278999 0.116319 0.0267275 0.35549 0.02351 0.0358231 0.0285608 0.0306915 0.025154 0.0371695 0.0257615 0.0281332 0.0250364 0.0276457 0.029021 0.0290801
0.0281531 0.0344994 0.0264933 0.029705 0.0255744 0.0264597 0.0274536 0.0370751 0.0268886 0.402079 0.0285881 0.0262121 0.0263966 0.0261722 0.0271331 0.0297708 0.093625 0.0254394 0.0262841 0.025997
0.0251296 0.0329714 0.0328201 0.0273592 0.0235624 0.0295782 0.025854 0.027852 0.0234828 0.455666 0.0238837 0.0236974 0.0267326 0.0261087 0.0330766 0.0248143 0.0231545 0.0296147 0.0248394 0.0598027
0.0283549 0.0250764 0.0370112 0.0265013 0.033765 0.0285834 0.030519 0.0288776 0.0269719 0.0281047 0.365783 0.0280403 0.0356216 0.0260111 0.0324793 0.0267826 0.0326878 0.0336485 0.0276842 0.0974962
0.0269693 0.0254846 0.0256049 0.0271418 0.0254726 0.0258578 0.0252199 0.0257805 0.0254209 0.0268587 0.0269268 0.0252523 0.02527 0.0258748 0.0254072 0.0255067 0.025432 0.0254318 0.50968 0.0254076
0.0543961 0.0331441 0.0616846 0.0442912 0.0523772 0.0772451 0.0630407 0.0440284 0.047143 0.0369209 0.0510571 0.0501252 0.054237 0.0628168 0.0505861 0.0369726 0.0370422 0.0479184 0.039569 0.0554046
0.0315122 0.0689402 0.0371211 0.0402791 0.0327786 0.0330653 0.0268043 0.027316 0.0565735 0.0307311 0.028607 0.0300879 0.0460416 0.0367338 0.0358083 0.105017 0.0309321 0.0370338 0.0397079 0.22491
0.0267688 0.0249258 0.0256275 0.0252554 0.0257111 0.0257242 0.0253485 0.0262741 0.0249762 0.514278 0.0267796 0.0248912 0.0242957 0.0256004 0.0255883 0.0263196 0.0257383 0.0249661 0.0258783 0.0250522
0.0349137 0.0287132 0.0322894 0.0263873 0.0307191 0.0242738 0.115319 0.024771 0.023698 0.299518 0.0249111 0.0344984 0.0229629 0.0322375 0.0243992 0.0287348 0.0232947 0.0321817 0.112095 0.0240826
0.0464172 0.0283358 0.0455499 0.0289651 0.0737437 0.0497163 0.0312762 0.0318617 0.0352737 0.0297288 0.0313123 0.0297593 0.0383173 0.0275898 0.257734 0.0303513 0.0259585 0.043678 0.0443717 0.0700592
0.0337407 0.0263796 0.0284239 0.0295619 0.0256914 0.0281969 0.0276451 0.0467205 0.0261928 0.0774829 0.0344466 0.0273994 0.0251608 0.363364 0.0272322 0.0556634 0.0308076 0.0275778 0.0331486 0.0251642
0.039112 0.102325 0.027122 0.0391 0.0271878 0.0289259 0.027616 0.0407484 0.0327657 0.0448352 0.0354527 0.0270368 0.0307652 0.283367 0.0340484 0.0300135 0.0448369 0.0258132 0.0529174 0.0260108
0.0411858 0.0215525 0.0428106 0.0229057 0.0348103 0.0243929 0.023848 0.0241834 0.0303396 0.056019 0.0413898 0.0234624 0.0220859 0.024988 0.0287769 0.0309826 0.0281492 0.268002 0.118758 0.0913577
0.026006 0.497199 0.0308694 0.0255718 0.0256459 0.0274661 0.0312815 0.0262757 0.0249829 0.0257972 0.0249303 0.0260354 0.0262561 0.0254971 0.0261226 0.0252628 0.0250702 0.0269595 0.0250314 0.0277386
0.0463043 0.0459735 0.0434551 0.044992 0.0394353 0.0428971 0.0556109 0.0693365 0.0544754 0.0403027 0.0519781 0.0542174 0.0579878 0.0393378 0.0725675 0.0568798 0.0467221 0.047537 0.0449475 0.0450422
0.0571803 0.0265236 0.0268492 0.0696427 0.0391436 0.0276751 0.0265317 0.0308861 0.0418909 0.322972 0.0317753 0.0451955 0.0288546 0.0371583 0.0307022 0.0294266 0.0359268 0.0275889 0.0381509 0.025926
0.0361166 0.0285063 0.0687293 0.0284147 0.0782074 0.136728 0.0545831 0.0449242 0.0303749 0.0606879 0.0376685 0.107301 0.0326221 0.0322206 0.0344604 0.0454061 0.0294912 0.0542013 0.0288742 0.0304821
0.062084 0.0377255 0.0613464 0.0469527 0.0469322 0.0490096 0.048719 0.0793136 0.0422814 0.0394521 0.0472602 0.0624443 0.0444667 0.0666708 0.0382513 0.0388798 0.0486148 0.0512618 0.0410307 0.0473032
0.0312805 0.0308214 0.36538 0.0282946 0.0303846 0.029368 0.0750071 0.0296131 0.0276926 0.0522268 0.0262774 0.0279223 0.0331143 0.0300692 0.029635 0.0272096 0.0277918 0.032005 0.0266509 0.039256
0.0351082 0.0277347 0.0383385 0.0322792 0.0338396 0.0348991 0.0316594 0.0305235 0.0288092 0.0340769 0.0282077 0.0319075 0.0338718 0.030789 0.384507 0.0352291 0.0276205 0.0330543 0.0297421 0.0378029
0.0243641 0.023761 0.0295207 0.0270203 0.0337018 0.0288537 0.0247308 0.0520438 0.0260409 0.0255859 0.0552966 0.0243483 0.0249665 0.0236342 0.0301053 0.0250381 0.0435889 0.027923 0.0244464 0.42503
0.0350821 0.0291804 0.0402938 0.0316039 0.0462222 0.0404029 0.0338597 0.0309471 0.0347598 0.0335732 0.0281435 0.0289232 0.0510293 0.0298931 0.059442 0.0291523 0.0262296 0.0419462 0.0345894 0.314726
0.0265721 0.026701 0.0404623 0.0272944 0.0260188 0.0261185 0.0295478 0.02635 0.0258341 0.0279581 0.0261774 0.0276273 0.0269267 0.476601 0.0257285 0.0275517 0.0270691 0.0271789 0.0259625 0.0263203
0.0643137 0.0354665 0.0425681 0.0358038 0.0798617 0.0648373 0.0372855 0.0545693 0.075663 0.0409039 0.0425796 0.0372347 0.0444846 0.0304273 0.0801394 0.0454259 0.0310953 0.0568033 0.0588444 0.0416928
0.0249833 0.0251069 0.0253924 0.0249742 0.0254664 0.0259087 0.0252859 0.0254391 0.0253709 0.0254806 0.0260728 0.517664 0.0251091 0.0250808 0.0251084 0.0255875 0.0259121 0.0254958 0.0255595 0.0250017
0.0605582 0.0280205 0.23009 0.0271157 0.0362352 0.0361666 0.166709 0.030377 0.0286297 0.0391994 0.0277278 0.0292935 0.0308382 0.031064 0.0337405 0.0320568 0.0258532 0.0392439 0.0308482 0.0362315
0.0248165 0.0244491 0.0251111 0.0248435 0.0279048 0.0249531 0.024914 0.0245887 0.0253175 0.0247519 0.025067 0.0259102 0.0253937 0.025102 0.0253152 0.0264118 0.0250597 0.519709 0.0253621 0.0250187
0.0264357 0.0269261 0.0302338 0.0268325 0.131814 0.0289321 0.296224 0.0270129 0.0285899 0.0259747 0.0284996 0.0977818 0.0301363 0.0284322 0.0266061 0.0272787 0.0289829 0.026954 0.0298625 0.0264905
0.0447354 0.0273354 0.0316066 0.0434851 0.0578281 0.0352098 0.0278487 0.0304354 0.0346452 0.0643871 0.0287291 0.029519 0.0512206 0.0279115 0.292536 0.0273473 0.027558 0.0273448 0.0302761 0.0600406
0.0548226 0.0345346 0.0623343 0.0606137 0.0456296 0.0503405 0.0454161 0.0714075 0.0314917 0.0447636 0.0385516 0.130505 0.0466271 0.0739192 0.0360631 0.033845 0.0404982 0.0343819 0.0328724 0.0313824
0.421243 0.0254094 0.0280473 0.0268083 0.0264744 0.0331085 0.0265729 0.0753455 0.0261781 0.0339965 0.0348953 0.0276867 0.025464 0.0281746 0.0273422 0.0268862 0.0274581 0.0258175 0.0274371 0.0256546
0.0285268 0.0266671 0.0272255 0.0277159 0.0300201 0.0300714 0.0290266 0.0272589 0.0274431 0.0280234 0.0317716 0.0290608 0.027442 0.0280542 0.0284738 0.0378562 0.0277546 0.0317346 0.0309595 0.444914
0.0305515 0.0254733 0.029476 0.0269943 0.0346357 0.0284021 0.0274992 0.026391 0.0278399 0.0262519 0.026429 0.0297089 0.0284269 0.0283999 0.0288762 0.460617 0.0257061 0.0299757 0.0293874 0.0289582
0.0252796 0.0244897 0.0259351 0.0262485 0.0239072 0.0236834 0.0260095 0.0246584 0.0241152 0.0264147 0.0242953 0.025261 0.0249021 0.527604 0.0241487 0.0245625 0.0252354 0.0244016 0.0246137 0.0242342
0.0259764 0.0259601 0.0292052 0.0256424 0.0267841 0.0259104 0.0274342 0.026734 0.0253771 0.386437 0.0253299 0.0259405 0.026419 0.0258171 0.0258562 0.141009 0.0257872 0.0272438 0.0252604 0.0258759
0.0765632 0.0284978 0.0285869 0.0332382 0.0460541 0.0405744 0.0282359 0.0422818 0.245974 0.0303552 0.0390292 0.0279138 0.0406317 0.0280167 0.0936577 0.0325787 0.0272749 0.0288944 0.0517021 0.029939
0.0256825 0.0286505 0.0320775 0.0302459 0.0266676 0.0290841 0.0410318 0.0271984 0.0302251 0.404355 0.0298769 0.0281916 0.0328634 0.0329726 0.0304005 0.0261412 0.0295183 0.0298537 0.0258521 0.0591109
0.0596583 0.0390922 0.0346416 0.0550373 0.0292718 0.0257678 0.0278678 0.0457729 0.0265429 0.288543 0.027577 0.0581798 0.0459998 0.0556783 0.0301669 0.0267466 0.0441446 0.0252841 0.0276178 0.0264092
0.040958 0.0905255 0.116206 0.0348655 0.0767462 0.113192 0.0320032 0.0512666 0.0299282 0.0342957 0.0319301 0.036154 0.03836 0.030131 0.0373482 0.0352528 0.0292553 0.0747833 0.0305647 0.0362339
0.045336 0.0230895 0.0258264 0.0665437 0.0275494 0.0244583 0.0241308 0.325257 0.0354353 0.037661 0.0269531 0.0263806 0.0235693 0.0300928 0.0236398 0.0282325 0.13584 0.022776 0.0243149 0.0229139
0.0953132 0.0330778 0.0444461 0.0803039 0.0434411 0.0428648 0.0447541 0.0638795 0.0451331 0.0417018 0.0390412 0.0478723 0.0437806 0.0939941 0.0395831 0.0439066 0.0440571 0.0349104 0.046777 0.0311623
0.0288129 0.0258081 0.0277989 0.0255639 0.0284205 0.0407813 0.0272008 0.0265555 0.0282808 0.026217 0.0278586 0.0261355 0.0264687 0.0261534 0.364172 0.0287883 0.025705 0.0539216 0.0287301 0.106627
0.0276549 0.0257571 0.0264014 0.0260956 0.0259886 0.0273449 0.0258217 0.0475206 0.0260995 0.0297725 0.462721 0.0272726 0.0254406 0.0259116 0.0263401 0.0309217 0.0316903 0.0260604 0.0293632 0.0258216
0.0467152 0.0563264 0.037732 0.0399417 0.0420989 0.0360981 0.0543082 0.043778 0.0574745 0.0342832 0.0447903 0.0419016 0.058918 0.0427782 0.0710708 0.0607157 0.113504 0.0369349 0.0362568 0.0443739
0.0419458 0.0281431 0.0633983 0.033097 0.0323885 0.0357723 0.0342902 0.0326143 0.0285038 0.0405735 0.0292333 0.0285503 0.0368819 0.028717 0.317099 0.0270907 0.0260998 0.0294709 0.0317729 0.0743576
0.136156 0.0272066 0.0432651 0.0270087 0.106193 0.0721303 0.0307475 0.0513766 0.045699 0.0569259 0.0323987 0.0402012 0.0258663 0.0316674 0.114917 0.0273922 0.0254774 0.0285868 0.0455775 0.0312067
0.0496811 0.033569 0.0520113 0.0428966 0.0357785 0.0396363 0.0573095 0.0695735 0.0354211 0.0403757 0.060911 0.0677132 0.0350611 0.0794012 0.030384 0.0845864 0.0619511 0.0558971 0.0371662 0.030676
0.0514961 0.0364678 0.0411766 0.0603991 0.0390962 0.0320814 0.0541424 0.0433899 0.0683536 0.037628 0.0532496 0.0526252 0.0465459 0.108383 0.0329965 0.0374958 0.0742607 0.0334003 0.0645939 0.0322179
0.0265331 0.0242915 0.0233885 0.0316555 0.0234839 0.0263117 0.024491 0.0312059 0.0322092 0.425389 0.0318411 0.0298181 0.0237494 0.0283783 0.0262732 0.0294181 0.0395896 0.0264537 0.0716584 0.023861
0.0386661 0.0255786 0.0266305 0.0354699 0.0292081 0.0303615 0.025962 0.033751 0.029388 0.0285284 0.0329979 0.0258194 0.0272032 0.0270823 0.0325706 0.0258591 0.026494 0.0257227 0.445967 0.0267394
0.0581729 0.0636159 0.0392301 0.0655301 0.0367442 0.0340352 0.0363328 0.0606705 0.0471536 0.0386078 0.0671186 0.0532127 0.0419008 0.0612197 0.0317806 0.0384778 0.110568 0.0368448 0.0480738 0.0307101
0.370157 0.0328274 0.0257095 0.030816 0.0276409 0.025292 0.0261303 0.0278267 0.120013 0.0282093 0.029109 0.0260368 0.0263735 0.0263021 0.0268389 0.0279509 0.0296886 0.0253101 0.0428523 0.0249159
